PG_EXEMPLO/Assets/Irish Sea Bathymetry.csv
ncols        270
nrows        257
xllcorner    0
yllcorner    0
cellsize     1108
NODATA_value -3.00000000549776E38
[rows 38 to 75 of 257, columns 0 to 86 of 270]
-167 -149.2 -93 -86.2 -129.5 -200 -224 -214.8 -190.8 -157.8 -183 -187.5 -158.5 -161.2 -160.2 -137.2 -107.5 -91.5 -68.5 -63.8 -80.5 -103.8 -176.2 -367.2 -267 -320 -281.5 -256.8 -236.2 -293 -307.8 -253.5 -222.8 -198.8 -145.5 -118.5 -104.2 -104.2 -96 -64 -48.8 -36.8 -36.2 -35.2 -20.2 -27 -55.8 -89.5 -131.5 -154.2 -143.8 -122.2 -107 -90 -93 -107.2 -97.8 -92.5 -93 -103 -137.8 -190.2 -224.8 -234 -219.8 -190.8 -231.5 -223 -202.2 -187.5 -163.5 -164 -189.5 -199 -208.5 -209.5 -157.5 -107.8 -235.8 -300 -246 -70 3.2 27 39.8 51 66.5
-265.2 -177.5 -112.8 -78.8 -105.5 -133.5 -126 -106.8 -132.2 -161 -170 -142.8 -164 -194.2 -181.2 -132.2 -99 -78.5 -73.2 -79 -113.2 -128.2 -172.8 -268.5 -324.2 -377.5 -349 -331.5 -315.8 -348.5 -314.5 -244.2 -200.2 -159 -125.5 -107.5 -103 -103 -88.5 -61.8 -45.5 -39.2 -37.8 -34.8 -25.8 -18.5 -41.8 -73.8 -121 -159 -156 -130.2 -105.5 -84 -93.5 -115.2 -110.2 -104.8 -106.8 -120 -113.2 -130 -170.5 -142.2 -127 -136.5 -153.8 -127.5 -118.8 -127.2 -145.2 -182.8 -213.2 -233.8 -236.8 -186.2 -157.2 -147 -206.5 -297.2 -313.2 -141.5 -15 15.5 23.8 35.2 53
-131.5 -140 -164.5 -148 -127.2 -106.2 -102.5 -106.5 -113.8 -126 -140 -135.2 -167.2 -168.5 -162 -120.8 -101.5 -121.5 -128 -168.5 -193.8 -181 -165.5 -183.8 -187.2 -210 -264.2 -320 -317.8 -385.2 -361.8 -275.2 -223.2 -177.2 -130.5 -93.2 -89 -78.8 -66.2 -56 -49.5 -42.5 -42.8 -33.5 -21 -14.5 -29.5 -58 -103 -147.5 -163 -144.8 -112 -83.5 -85.5 -101.2 -109.2 -110.8 -116.8 -108.2 -106.8 -91.5 -82 -73.8 -83.5 -88.8 -96.5 -107.5 -120.8 -142.5 -169.8 -205.8 -232.2 -218.8 -195 -196 -253.8 -239.2 -203.5 -277.8 -277.8 -163.8 -69.5 -16.2 -20.5 12.2 32.8
-162.5 -205 -226.8 -184.2 -169.5 -151 -129.8 -176 -148 -122.8 -192.8 -195.5 -190.8 -170 -145.2 -138.5 -154.2 -191.2 -195.5 -269.8 -282.8 -278 -297 -268.8 -222.2 -266.5 -365.2 -256.8 -308.2 -378.2 -288 -191.5 -163.8 -138.5 -119.2 -89.5 -74.8 -65.2 -44.8 -46.2 -37.2 -36.2 -39 -42 -31.5 -16.8 -18.2 -48.5 -94.5 -144.5 -159.2 -158 -123 -90.5 -64 -76.8 -88.8 -88 -81.5 -73 -66.8 -56.5 -59.5 -79 -96 -102.2 -118 -140.2 -177.2 -261.8 -293.5 -275.8 -255 -231 -272.5 -301.8 -308.2 -268 -248.8 -299.8 -329.5 -179.2 -97.8 -52.5 -51.5 -5 8.5
-163.2 -152 -159.8 -168.2 -227.8 -217.8 -146.5 -180.5 -171.8 -150.2 -158 -168.5 -182.5 -189.5 -226 -330 -242 -237 -290.5 -303.2 -336.5 -316.2 -343.8 -349.2 -394.2 -431.2 -390.2 -289.5 -310.5 -303 -231.5 -175.8 -152.2 -126.2 -103.8 -81.5 -68.5 -56 -43 -35.8 -41 -37.8 -36 -37.8 -35.8 -22.8 -18.8 -39.5 -81.8 -153.8 -149 -145 -118.2 -86.2 -62 -49 -59.8 -64.8 -52 -52.5 -50.5 -72 -105.2 -124 -138 -168.2 -196 -210.2 -252.8 -259.8 -296.2 -319.8 -324 -294.2 -326.2 -349 -323.5 -284.2 -307 -308.5 -319.5 -249.5 -178 -116.8 -87.5 -71 -35
-187.8 -180.5 -186.5 -198.2 -179.2 -153.5 -185 -221.8 -252 -240 -221.8 -188.2 -214.5 -258.2 -346.8 -342 -313.2 -359.8 -368.5 -371.5 -328.8 -338.5 -356 -318 -459.2 -451.8 -387 -362.8 -322.2 -222.5 -156 -103.8 -84.2 -84.2 -82.5 -75.5 -64.5 -53 -47.8 -45.2 -45 -44.5 -40.5 -42.2 -41.2 -28.5 -22.5 -19.2 -54.8 -122.2 -132.8 -117.5 -107.8 -78.2 -59.5 -46 -39.2 -45 -49.2 -50.5 -63.5 -102 -131.8 -162.8 -191.8 -213.2 -239 -233.2 -230.5 -234.5 -269 -339.2 -323.2 -350.2 -346 -325.2 -311 -311.8 -342.2 -373 -280 -230.5 -175.5 -122 -89.8 -60.5 -20.5
-179.2 -164.8 -179.5 -218.2 -218.8 -256.5 -278 -288 -332.2 -387.5 -354.8 -275 -359.5 -381.5 -322 -391 -427.5 -495.5 -511.2 -513.8 -420 -402 -356 -234.8 -194.5 -230.5 -244 -242.2 -153.8 -110.2 -81.5 -65 -50.5 -46.5 -45.5 -46.2 -45.2 -58.2 -58.2 -63 -63 -55.2 -50.2 -38.5 -33 -28 -19 -13.8 -28.2 -71.8 -114.2 -121.8 -102.8 -78.8 -60.5 -48 -37 -39.2 -52.5 -57 -62 -87.8 -118.2 -143.8 -161.8 -160.2 -164.8 -179.5 -182 -195.5 -200.2 -254 -235.2 -236.5 -244 -258.5 -263 -291.2 -329.5 -363.2 -252.2 -167.5 -117.8 -91.2 -102.5 -109.5 -54
-270.5 -185.5 -213.2 -245.2 -270.8 -298.8 -381.5 -470.8 -457.2 -432.5 -409.5 -447 -490.8 -487.8 -348.8 -338.2 -344.8 -455.5 -343.8 -375 -454.8 -434.5 -332.2 -225 -152.2 -111.2 -93.5 -81.8 -70.2 -67.5 -63.8 -55.2 -51.2 -44.2 -42 -42.8 -39 -40 -61.8 -82.2 -64.5 -46.2 -41.8 -36 -30.5 -30 -20.2 -11.8 -18 -45.5 -85 -116.8 -112.8 -91.5 -68.2 -52 -38.5 -35 -42.5 -49 -57 -72 -92.2 -103.8 -114.5 -124.2 -145.8 -164.8 -181.5 -193 -185.2 -174.2 -171.8 -188.8 -233.5 -264 -292.8 -321 -322.2 -271.8 -175.2 -119.2 -117.2 -130.5 -139.5 -82.5 -111.2
-211.2 -237.2 -316.5 -404 -440.8 -408 -469.2 -463 -239.5 -289.5 -298.5 -384.2 -338 -293.2 -254.2 -261.2 -302.2 -308.2 -280.8 -361.8 -387.8 -344.2 -419 -364.2 -220.2 -129.5 -95 -81.2 -73.5 -75.8 -79.2 -78.5 -65.8 -50.5 -46.8 -44.2 -39.8 -37 -40 -51.2 -43 -40.2 -36 -34.2 -24.5 -19.8 -12.5 -12.5 -17.2 -32.2 -64.2 -104.5 -118 -113.2 -74.8 -54.2 -41.2 -35.2 -43.5 -48.8 -63 -78.5 -90 -104.2 -123.5 -143.2 -165.5 -201.2 -239 -270 -266 -232 -226.2 -198 -204.2 -224 -247.5 -253.2 -202.2 -146.8 -143 -163.2 -174.5 -181.8 -159.8 -110.5 -96.5
-217.8 -206.8 -209.2 -265 -305.8 -253.2 -296.5 -294.5 -221.5 -205.8 -195.8 -204.8 -206 -213.5 -259.8 -290.2 -355 -348.8 -360 -335.5 -330.8 -317.5 -249 -181.8 -129.8 -99.5 -90 -102.8 -121.8 -127.8 -133.5 -118.2 -83 -62 -54.5 -47.2 -41 -39.2 -58.2 -57 -44.8 -37.2 -30.5 -26 -19 -12.8 -10.5 -11.5 -16.8 -26 -50.5 -84.2 -126 -125.8 -86 -51.8 -37 -38.8 -40.5 -46 -60.5 -84.2 -113.8 -151 -178.2 -175.2 -189.8 -174.5 -181.2 -209 -249.8 -185.2 -153 -152 -146.8 -158.5 -142.5 -115.8 -118.5 -147.5 -171.8 -175.5 -201 -195 -202.2 -191.5 -185.5
-119.8 -138 -146.5 -153.8 -158.2 -161.8 -191.2 -182.8 -186.8 -242.2 -300 -294.2 -315.2 -311 -317.5 -345.2 -408.2 -423.8 -447.2 -415.8 -357 -276.8 -197 -139 -120 -156 -173.5 -166.5 -198.2 -217.5 -222.2 -181.2 -124 -82.5 -63.5 -58 -48.5 -55.8 -59.2 -54 -44.8 -33.8 -22 -19.8 -19 -14.5 -11.8 -11.5 -15.5 -25 -48 -75 -115 -131.5 -92.5 -53.8 -35.5 -43.5 -42.8 -48.2 -56 -71.2 -116.2 -168.5 -235.5 -239.5 -205.8 -208.8 -173.5 -157.2 -201 -179.8 -118 -117.8 -119.2 -118 -91.2 -98.8 -124.8 -140.5 -155.2 -187.5 -218.5 -244.8 -262 -244.8 -209.2
-151.8 -220.5 -265.5 -295 -283 -271.2 -238.2 -275.5 -349.5 -299 -260.8 -260 -290.2 -327.2 -340.5 -292 -312 -354.5 -364 -314.5 -154 -199.5 -188.5 -199.8 -223.8 -234.2 -215.5 -224.5 -263.5 -327.8 -353 -347.8 -206 -128.2 -102.5 -76.5 -64.8 -91.2 -78 -62.5 -52 -36 -27.2 -20.2 -14.8 -12.2 -11.2 -11.5 -16.5 -27 -46.2 -71.2 -89.8 -104.8 -94.8 -60 -35.2 -38.5 -43 -41.5 -45.8 -49 -74.8 -117 -156.5 -154.5 -164.5 -161.5 -191.5 -147.5 -135.2 -131.8 -83.5 -83.5 -81.8 -78 -98.8 -117.5 -136 -178.2 -196.8 -234.5 -252.5 -226.5 -238.2 -229.8 -196
-93.5 -120.8 -145 -169.8 -153.5 -153 -160 -181.2 -213.2 -173.8 -231.8 -204 -239.8 -244.8 -238.2 -255.2 -265.5 -285.8 -251.8 -147.5 -201.5 -198.8 -215.8 -219.8 -226.8 -228 -252.8 -294.8 -366 -463 -431.2 -361 -249.5 -173.2 -120.2 -71 -103.8 -101.8 -84.5 -78.2 -68 -51.2 -34.5 -20.2 -13 -10 -10 -11 -15.5 -26.5 -49 -71.8 -82 -85 -76.2 -62 -35.5 -31 -32 -26.2 -20.8 -22 -37.8 -70 -100.2 -110.2 -121.8 -162.8 -181.5 -114.5 -82.2 -74 -58 -57 -73 -101.8 -125 -141 -161.8 -205.2 -255.5 -248.2 -223.2 -176 -125.5 -88.8 -78
-176 -129 -100 -101.8 -105 -136.8 -156.8 -221.5 -258.5 -262.8 -232.8 -170.5 -178.8 -212.8 -221.8 -222 -206 -188 -189.8 -179.5 -190.2 -213.2 -223 -239.5 -269.2 -265.5 -233.8 -211.8 -260.8 -306.5 -239 -168.2 -149.5 -116.2 -82.2 -57 -94.5 -100.5 -97.8 -85.2 -69.2 -53.5 -37.2 -17.2 -10.8 -10 -10 -11 -13.5 -19.5 -34.2 -45 -53 -56 -49.8 -26.8 -19 -14.2 -11.2 -10 -11.2 -16.8 -25.5 -46.8 -74.2 -80.2 -71.2 -83 -78.2 -61.2 -50.8 -53.8 -71 -89.8 -92.2 -103.2 -120.8 -133.8 -173.2 -217.2 -235 -246 -241.2 -147.5 -63 -23.5 -13.8
-307 -247.5 -264 -235 -181 -247.8 -175.8 -142.5 -189 -215.8 -241.8 -220.5 -190 -182.5 -178 -168.2 -175.8 -168.5 -176.5 -190 -234.8 -296.5 -329.2 -256.2 -228 -245 -239 -162.2 -139.5 -150.8 -133.5 -104.2 -82.5 -63 -52.2 -58.8 -114.5 -104.8 -89.5 -77.8 -62.8 -53 -42.5 -20.8 -10 -10 -10 -10 -10 -10 -13 -16.5 -15.8 -13.8 -10.8 -10 -10 -10 -10 -10 -10.2 -17.5 -30 -46.2 -51.5 -45.8 -47 -49.2 -53 -63 -76 -87.8 -95 -107 -121.8 -123.2 -113.5 -104.2 -112.2 -114 -105 -101.2 -71.2 -35 -10 1.2 3.2
-218.8 -291.5 -402 -339.5 -311.2 -246.2 -191 -159.8 -157.5 -144 -152.8 -162.5 -185 -210.5 -179.8 -168.5 -186.2 -178.2 -174.2 -186 -236.8 -246.2 -248.2 -194.5 -187.2 -183.2 -168 -152 -116.5 -108.2 -93.5 -75.2 -62 -49 -47.8 -47.8 -88.2 -85 -63.8 -56.2 -47.5 -40.2 -41.5 -23.5 -10.2 -10 -10 -10 -10 -10 -10 -10 -10 -10 -10 -10 -10 -10 -10 -10.5 -21.5 -38 -48.2 -61.5 -69.2 -73 -82.2 -86.5 -104.5 -126.2 -140 -159.8 -150.2 -138.2 -127 -121.2 -129.8 -128.2 -135.8 -137.2 -50 -30.5 -11.8 0 3.5 2.8 5.2
-312.5 -399.8 -453.5 -362.2 -262.8 -227 -226.8 -181.2 -171.5 -163.2 -182.8 -190.5 -160.5 -162.2 -163.2 -168 -165 -155.5 -156.5 -166.2 -160.2 -156 -161.2 -149.2 -140.2 -124.8 -124.8 -120.8 -101.2 -83.2 -71.2 -62.5 -54.8 -46.5 -41 -44.5 -44.5 -64.8 -57.5 -53.2 -37.8 -30.8 -34 -19 -11.2 -10 -10 -10 -10 -10 -10 -10 -10 -10 -10 -10 -10 -10 -11.5 -23.2 -39.5 -53 -63.5 -73.2 -79.5 -84.2 -95 -112.8 -138.2 -140.5 -143.2 -164.8 -199.2 -219.2 -187.8 -161.2 -164 -159.2 -128.5 -77 -39.8 -11.2 2 2.5 5.5 2.2 2.5
-334.8 -314 -317 -306.8 -257 -217 -201 -196.2 -188 -194.2 -205.5 -202.5 -199 -186.8 -179 -179.5 -183.2 -203.8 -207 -213.8 -184 -152.2 -133 -124.2 -123 -110 -92.2 -75.8 -65.5 -67.2 -75 -70.2 -53.8 -46 -43.2 -35.2 -34.5 -45.8 -42.2 -37.5 -32.2 -26.8 -21.5 -16.2 -14.5 -10.8 -10 -10 -10 -10 -10 -10 -10 -10 -10 -10 -10 -13 -26.5 -37.5 -50.2 -62.5 -76.5 -89.8 -102.2 -91 -97.2 -111.8 -126.5 -150.2 -159.5 -166.5 -184 -231 -282.5 -263.5 -262.2 -280.5 -276.5 -71.8 -10 1.2 2 4.8 5.5 0 -23.2
-205.8 -210 -215.2 -171.2 -154 -139 -154.2 -178.5 -177.2 -180.2 -212.2 -221.2 -200 -190.2 -196.2 -210 -215 -222 -227 -200.2 -183.8 -168.5 -151.8 -162.2 -134.5 -101.8 -75 -61.8 -59 -59 -59.8 -58.2 -51.5 -44.2 -43.2 -36.5 -31.2 -32 -36.5 -37.8 -40.2 -34 -26.2 -21 -19.5 -10.2 -10 -10 -10 -10 -10 -10 -10 -10 -10 -10 -10 -16.5 -37.8 -49.5 -55.2 -63 -79.5 -91.5 -84.8 -89.2 -100.2 -116.2 -133.5 -150.2 -165.2 -196.5 -209.8 -257.8 -308.8 -263 -233 -150.2 -93 -44.8 -6.2 -1.5 0 -0.5 -6.2 -47.2 -104.8
-140 -124.5 -116.5 -129 -124.2 -118 -124.5 -135.8 -157 -162.5 -161.8 -159 -166.2 -176.2 -208.2 -226.2 -248 -239.2 -221.2 -192.2 -178.5 -187 -183.8 -170.5 -129 -99.2 -82.8 -82.8 -73.8 -70 -68.2 -65.5 -55.8 -50.2 -45.8 -37.8 -37 -37.2 -39 -43.5 -39.2 -39.2 -30.2 -21 -16.5 -10.5 -10 -10 -10 -10 -10 -10 -10 -10 -10 -10 -13 -25.8 -25.2 -20.8 -23.5 -46.8 -72.8 -88 -99.8 -103 -107 -112 -129.8 -152.8 -184.8 -202 -266.8 -333 -382.5 -235.2 -110.5 -66.2 -45.2 -23.5 -3.2 -3 -2.5 -4.8 -37.8 -138 -163.5
-92.2 -96 -98.8 -101.8 -104.2 -109.2 -130.5 -144.8 -138.8 -134.5 -130 -131.8 -154 -171.5 -184.2 -197 -202.5 -199.5 -189 -172.8 -161.2 -154 -146.8 -128 -112 -97.5 -89 -85.8 -92.2 -83.5 -79.5 -77.2 -67.5 -54 -48.2 -47.2 -76.8 -77.8 -69.8 -56.5 -38.8 -23.5 -16.5 -16 -12.2 -10 -10 -10 -10 -10 -10 -10 -10 -10 -10 -10 -10 -10 -10 -11.2 -22.8 -53.8 -74.2 -85.2 -99 -106.8 -120 -151 -183 -219.5 -248.5 -283.5 -288 -300.8 -338 -269.5 -81.2 -33.2 -17.5 -8.8 -3.8 -5 -10.2 -25.2 -32.8 -51.8 -66.8
-84.8 -91 -94.5 -94.5 -105.5 -107 -112.5 -113.5 -117.2 -111.2 -112.8 -115.2 -119.8 -142.2 -162.2 -161 -167.8 -174 -188 -161.8 -146.2 -137 -129.8 -110.5 -98.2 -88.2 -82.2 -81 -79.8 -84 -87.2 -71.2 -64.8 -62.2 -84.5 -72.8 -97.5 -70.5 -58 -45 -27.5 -15.8 -11.2 -10.2 -10 -10 -10 -10 -10 -10 -10 -10 -10 -10 -10 -10 -10 -10.8 -10.2 -19.2 -41.5 -51 -67.5 -92 -121.8 -150.5 -142.8 -144.2 -176.8 -208.8 -246.2 -285.2 -240.5 -197 -216 -96.5 -39.5 -11 -13.8 -13 -9.5 -11.2 -15.2 -32.2 -52 -71.5 -70.8
-88.2 -94.8 -99.2 -100.2 -100.5 -117.8 -118.5 -117.5 -118.8 -121.2 -135.8 -147 -172.8 -192.5 -200 -207.2 -193.5 -195.8 -204.8 -216.5 -178.5 -154 -116.5 -97.2 -92 -85.5 -84 -81 -85.8 -89.5 -84.8 -72 -68.8 -75 -81 -73.8 -70.8 -62.8 -41.8 -27 -14 -11 -10 -10 -10 -10 -10 -10 -10 -10 -10 -10 -10 -10 -10 -10 -10.2 -13.5 -14.2 -17.5 -28.8 -49.5 -70.5 -104.5 -143.8 -158.8 -146.5 -130.2 -138 -174.5 -211.8 -258.8 -234.2 -116.8 -62.8 -39.2 -19 -15.5 -25.2 -15 -28 -57 -91.8 -115.2 -134 -117.8 -97.5
-93.8 -102.5 -102.5 -109.5 -117.2 -109.8 -106.5 -113.2 -115.5 -140 -163.5 -191.2 -212.2 -231.2 -237.8 -239.5 -247.5 -239.5 -228.2 -204.8 -179.5 -167 -132.5 -104.8 -92 -83.2 -87.2 -86.2 -86 -80.5 -78.2 -74.5 -59 -56.5 -56.2 -48.5 -39 -29.2 -21.5 -13 -10 -10 -10 -10 -10 -10 -10 -10 -10 -10 -10 -10 -10 -10 -10 -12 -12.8 -13 -11.5 -16.2 -33.2 -46.8 -67.2 -81.5 -102.8 -109 -119.5 -138.8 -157.2 -178.8 -214.8 -171.5 -107.2 -61.8 -35.8 -29.8 -36.2 -31 -25.2 -33.5 -66.5 -105 -142.8 -143.5 -115.5 -96 -79
-101 -113.5 -119.5 -120.2 -131.2 -132 -142.8 -173 -168.2 -158 -167.5 -166 -168 -180.5 -207 -226 -246.8 -252.5 -228.8 -193.2 -156.2 -132.5 -116 -102.5 -93.2 -85.2 -89.5 -84 -84.2 -95.2 -89.2 -80.8 -57 -38.8 -23.5 -22.2 -21.5 -18.8 -15 -11 -10.2 -10 -10 -10 -10 -10 -10 -10 -10 -10 -10 -10 -10 -10 -11.5 -14 -13 -12.8 -15.5 -35.8 -53.5 -51.8 -56.5 -64.2 -70.5 -76.8 -88.5 -91.8 -102.2 -118.2 -120.8 -103.8 -78.2 -44.5 -25.8 -22 -23.8 -23.5 -41.5 -74.5 -90.5 -99.2 -124.5 -138.2 -113 -94 -77.8
-98.2 -97.8 -104.2 -118 -137.8 -154 -173.5 -187.2 -204.8 -225 -208.2 -183.5 -205.5 -201 -200.5 -198.5 -219.8 -197.8 -179.2 -156 -136 -115 -108.2 -98.5 -90.5 -89.2 -88.2 -87 -86.8 -97.5 -98 -73.5 -52.5 -40 -26.5 -16.2 -15.2 -16.2 -15 -15.5 -12.5 -11.2 -10 -10 -10.5 -13 -12.5 -11.2 -10 -10 -10.5 -10 -10 -10 -13 -13.8 -13 -17.2 -25.2 -37 -52.2 -61.5 -69.2 -84 -90.8 -86 -76 -50.8 -48 -47.5 -50.5 -53.2 -52.5 -41.8 -33.5 -35.2 -53.5 -81.8 -115 -129.5 -126 -119.5 -118.2 -118.2 -112.5 -101.8 -90.2
-107.8 -94.2 -92.5 -108 -121.5 -141 -153.5 -185.8 -222.5 -251.5 -265 -227.2 -215.5 -221.5 -221.2 -189.8 -161.5 -144.8 -137.2 -138.5 -121.2 -104.2 -103.8 -103.5 -98.8 -94.5 -94.2 -86.8 -84.8 -88.8 -75.2 -59.5 -41.2 -36.2 -26 -17.2 -15 -13.5 -15 -16.5 -16.2 -14.8 -13.5 -15 -16.2 -14 -13.8 -15.5 -12.8 -14.5 -14.2 -10.2 -10.5 -10.8 -11.2 -15.5 -21.5 -35 -48.5 -52 -52.8 -43.8 -47.5 -54.8 -61.8 -43.5 -44.5 -36 -33.5 -32 -32.8 -36.5 -40 -50.8 -71.8 -102.2 -118.2 -131.8 -134.8 -129.2 -132.8 -139 -126.8 -131.5 -116 -97.2 -80.5
-161 -125 -104 -103.8 -125.2 -152.2 -172.8 -180.5 -191.5 -209.8 -193.8 -168.2 -206.8 -186.8 -144.2 -126.2 -119.2 -129.5 -126.8 -112.8 -104 -96.5 -97.2 -101.2 -101.5 -95 -94.5 -81.8 -79.5 -80.2 -59 -51.2 -33.8 -26.5 -22.8 -21 -15.2 -17.2 -19.8 -19 -18.8 -15.8 -17.2 -16.8 -16 -14 -12.8 -12 -11.2 -13.2 -14.8 -14 -13.2 -16.5 -22 -26.5 -37 -44.2 -53.5 -60.2 -62.8 -60.5 -43.2 -34 -33.5 -33.2 -31.5 -32.5 -34.8 -37.2 -46.8 -51.2 -51 -62.5 -82 -88.8 -99.5 -104.5 -115.2 -110.8 -117.5 -133.2 -130.2 -141.2 -117.5 -87.2 -71.2
-173.8 -164.5 -134.2 -112.2 -132.8 -152 -163 -169.2 -174.2 -171.8 -125.8 -99.5 -101.8 -91.2 -90.2 -113.2 -135 -161.2 -154 -123.8 -100.2 -103.8 -94 -95 -86.2 -85.2 -82 -75.8 -72.5 -60.5 -50.8 -43.2 -34.2 -28 -22.5 -18.8 -22 -17.8 -18 -18.2 -19.8 -19 -21 -19 -16.2 -16.2 -16 -15.5 -14.5 -13.5 -17.5 -17.5 -24.8 -27.5 -36.8 -42.8 -50 -54.5 -58.2 -49 -42.5 -37.5 -36.8 -40.2 -48.5 -50.2 -52 -52 -65 -76.8 -85 -99.8 -92.5 -89.5 -78.5 -77.5 -75.2 -74.8 -83.8 -85.5 -95.2 -107.2 -108.5 -109.2 -97.8 -81.5 -65
-157.8 -169.2 -171 -144.8 -152.5 -157.2 -140.5 -99.8 -81.5 -71 -67.2 -66.5 -69.5 -77.2 -102.2 -120 -147.8 -153 -160.8 -122.8 -106.5 -101 -96 -96 -87.8 -87.8 -77.2 -54 -64 -63.2 -56 -45.8 -41.2 -29.5 -17.8 -15.5 -20.2 -17.2 -19.5 -22 -24 -21.5 -27 -27.2 -23.2 -27 -25.5 -20.5 -14.8 -14.8 -25.8 -30.8 -31 -43 -53.5 -58.8 -55.8 -54.8 -50.5 -39 -48.8 -71.2 -84.2 -99.8 -112 -118.5 -124.8 -115.8 -111.8 -118 -132.8 -134.8 -120 -111 -94.8 -97.5 -92.8 -80.8 -84.2 -80.2 -80.5 -77.8 -94.8 -116.8 -102.5 -96.5 -62.5
-185.5 -149 -129.5 -118.2 -82.2 -75.2 -64.5 -61.2 -62.2 -57 -58.2 -63.2 -63.2 -63.5 -68.8 -79.5 -90 -107.5 -126.8 -106.8 -111.2 -143.8 -138.8 -109 -112 -101.8 -73.5 -42.5 -52.5 -67.5 -59 -46.8 -28.8 -20.2 -19 -22.5 -18.2 -19.5 -18.2 -21.5 -23 -22.5 -23 -20.2 -21.5 -29.5 -27 -23.5 -18 -19.2 -40.5 -48.2 -47 -45.8 -55.8 -68 -61 -54 -43 -44.5 -67.2 -82.8 -94.2 -92 -103.5 -110.2 -118.8 -125.2 -131.2 -136.8 -147.8 -153.5 -144.5 -128 -110.5 -100 -88.8 -85.8 -78.5 -93.8 -110 -99.2 -83.2 -95.8 -94 -86 -74.5
-133.2 -108.2 -87.2 -78.2 -75 -71.8 -71.2 -69.8 -80 -88.5 -82.8 -73 -71.5 -63.8 -55.2 -54.2 -53.5 -62.2 -66.8 -92.2 -115 -130.2 -117.8 -114.2 -105.8 -90.2 -67 -38.5 -47.2 -54.2 -54.2 -39.5 -23.8 -22.5 -19.8 -21 -20.8 -19.8 -25 -30.5 -26.8 -26.5 -25.2 -24 -23.5 -28.5 -26 -24 -19 -14.5 -27.8 -38.2 -50.5 -64.5 -68 -62.8 -55 -57.8 -57.2 -51.2 -59.5 -62.2 -68.5 -76.8 -79 -87.5 -90 -95 -98.2 -107.5 -112 -120.2 -130.5 -131 -123.5 -118.8 -117 -115.8 -97.8 -79.2 -82.5 -89 -92 -86 -80.5 -71.8 -60.5
-101 -96.8 -90 -88.8 -92.2 -98.2 -106.2 -121.2 -115.2 -119.5 -113.5 -120.2 -105.8 -87.2 -70 -58.8 -52.5 -53.8 -56.8 -57.2 -74 -78.2 -79.8 -87 -86.5 -73.5 -48.8 -37 -56 -64.2 -52.2 -27 -20.2 -23 -23.5 -23.8 -25.8 -28.2 -35.5 -37.8 -37.5 -35 -31.8 -29.8 -40.5 -30.5 -27.2 -26 -19.2 -15.5 -19.2 -20 -33 -48.8 -61.5 -63.2 -67.2 -84.2 -73.2 -66 -74.8 -66.2 -72.5 -87.2 -99.8 -98.2 -101.8 -101.2 -102.2 -98.5 -99.2 -105.5 -109 -123.5 -146.8 -177.5 -163.5 -150.8 -129.2 -109.5 -109.2 -91.2 -80.8 -77.8 -76.2 -57 -48.2
-99.2 -112 -129 -130 -143.5 -172.5 -164.2 -149.2 -175.8 -201.2 -189.8 -181.5 -161.2 -117.5 -88.5 -74 -67.8 -54.2 -46.8 -45.2 -44.8 -50.5 -53.5 -56.2 -60 -47 -34.2 -35.8 -62.5 -68.2 -57.8 -30.8 -25.5 -31.5 -31 -31.5 -33.2 -39.2 -45.8 -51.5 -49.2 -48.2 -41.5 -40 -44.2 -25.8 -29.5 -22.2 -27 -27.5 -34.2 -21.5 -22.2 -39.5 -49.5 -54 -59.2 -62.5 -77.8 -86 -94.2 -87 -83.2 -84.8 -82.5 -94 -110 -125.2 -113.8 -106.2 -113.2 -129.8 -128.2 -124.2 -137 -153 -171.2 -180.5 -167 -130.2 -130 -115.2 -84.2 -75.2 -61.2 -63.2 -48.5
-138.2 -225.2 -260.2 -247.8 -243.8 -238.2 -225.2 -213.5 -199.2 -186.5 -169.2 -169.5 -160.8 -137.8 -112 -92.5 -75.5 -61 -53.8 -46.2 -45.8 -46 -51.2 -49.5 -52.2 -39.5 -33.5 -40 -54.5 -62.2 -52.2 -46.2 -37.8 -43.5 -43 -38.5 -37 -43.8 -55.2 -73.8 -86.2 -90.8 -71.2 -59.2 -55 -41.5 -31 -37 -44.5 -49.5 -41 -28.8 -19.8 -32 -45 -63.2 -87.2 -89.2 -64 -75.5 -90 -100.2 -99.8 -110 -108.8 -101 -136 -146.8 -139.8 -137 -127 -137.5 -168 -158.8 -151.5 -163.8 -170.8 -191.8 -194.5 -160 -128.2 -108.2 -96 -78.8 -62.2 -58.5 -52.5
-183.8 -236 -289.2 -319 -336.8 -336 -320 -291.2 -261 -225 -188 -145.8 -130.8 -119.5 -111.8 -98.8 -75.2 -61 -57.5 -55.2 -54.5 -44.2 -38.8 -42.5 -45.2 -40.2 -43 -57 -76.2 -75.5 -69.8 -57.5 -57.8 -54 -47.2 -43.8 -49.5 -70 -98 -107.5 -107.2 -110.5 -95.8 -80.5 -70.8 -60.2 -60.5 -69.8 -57 -55.2 -51.5 -41.5 -26.8 -27.5 -62.8 -91.5 -112.2 -115.5 -87.2 -68 -80.5 -81.2 -91.5 -97.5 -99.8 -123 -135.8 -162 -179.8 -182.5 -167.2 -166.5 -177.8 -220.5 -222.5 -273.8 -347.8 -291.5 -262 -204.8 -159.8 -122.8 -98.5 -107.5 -88 -82.8 -42
-159.8 -201.2 -287 -329 -345.8 -343 -336 -312.2 -278.2 -252.5 -213.8 -168.8 -127.2 -110.2 -98 -89.2 -79.5 -63 -56.2 -55.2 -52.5 -46.8 -39.2 -38.2 -45.8 -46.5 -54 -59.2 -69 -77.5 -74 -64.2 -63.2 -54.8 -47.8 -49.2 -71.5 -92.5 -108.8 -119.2 -123.5 -132.2 -119 -95.5 -81.5 -80.2 -84.8 -80.2 -62.2 -68 -87 -100.2 -49.8 -26.8 -58 -79.5 -96.2 -111.8 -111.8 -92 -82 -84.8 -81.5 -77.2 -78.5 -108.5 -114 -126 -154.2 -176 -192.2 -206.5 -189.2 -239.8 -297.2 -327.8 -356.2 -373.2 -256 -198.2 -167.2 -133.5 -114.2 -105 -76 -61.5 -37.2
-226.2 -215.5 -204.2 -250.5 -287.2 -286 -258.2 -221.2 -186.5 -165.2 -140.8 -119.5 -107 -99.5 -93.2 -87.2 -81 -67 -60 -55.8 -47 -48.2 -46.2 -42.5 -39.2 -49.5 -55 -60.2 -69 -72.2 -70 -67.8 -72.2 -64.2 -63.5 -66 -80 -100 -122.8 -150.8 -168.5 -160.2 -133.5 -105 -87.5 -82.8 -78 -65.8 -68.8 -87.2 -103.8 -107.8 -69.8 -28.2 -43 -63.8 -80.8 -93.8 -115 -109 -102.5 -100 -96.5 -98.8 -83.2 -77 -86.8 -122.5 -137 -146.2 -212 -224 -262.2 -212.5 -212.8 -205.2 -272.5 -244.8 -208 -173.2 -139.8 -114.5 -98.5 -79.8 -74.2 -56.2 -30.2
