PG_EXEMPLO/Assets/Irish Sea Bathymetry.csv
ncols        270
nrows        257
xllcorner    0
yllcorner    0
cellsize     1108
NODATA_value -3.00000000549776E38
[rows 152 to 189 of 257, columns 87 to 173 of 270]
14.5 15 16 17 18.2 20 22.5 24.8 28.2 35.2 37 63.2 76.8 88.5 97 101 100 100.5 101.5 101 88.2 84.5 71.2 66.5 63.5 70 77 77.8 73.5 68.8 77.5 96 100.2 103.5 105.5 108 104.8 102.8 103 101 98.5 94 93.5 91 90.5 87.5 82 76.8 71.8 66.5 61.8 57.8 53.5 53.8 54.5 53 52.5 50 50.8 52.5 55.5 57.2 56.5 57 54.5 45.2 43 41.8 39.8 37.8 35.5 32.8 29.2 25.2 19.5 18.5 18.5 17.8 17.2 16.2 15.5 10.2 8.2 8.8 15 11.5 13.8
16.5 15.2 16 17.5 19.5 24 24.8 29 36.5 42.2 43.5 74.8 71.8 71.8 88 96.8 95.8 98 98.8 95.8 92.5 92.5 72.8 67 62.2 65.2 70 74 75.2 80.8 87.5 94 97.8 100.5 102.8 102.2 99 99.5 104 108.5 102 96 92.5 90 89.5 88.5 83.8 78 73.5 69.5 65.2 60.2 57.8 57.2 58.5 56.5 54.5 53.5 53.8 55.2 56.8 57.5 56 53 49.2 46.2 45 42.2 39 36.5 33.2 29.5 26.8 22 19.5 18.2 18.2 17.5 17.5 16 12.5 3.2 3 4.2 7 -21 -92
17.5 16 16.8 17.8 19.5 26.5 27.2 33.8 45.8 50.8 47.2 73.5 72 71.8 77.2 83.8 88 93.5 95.2 90 85 85 67.2 63.8 61.8 63.5 67.2 72.2 77.8 80.8 85.2 92 96.2 98.5 98.2 95.5 99 104.8 113 117.8 109.8 97.8 91.8 89.5 89.5 92.8 87.5 79 74.8 71.5 68.2 66.5 65 62.2 62.2 59.5 55.2 54.2 54.8 57.2 57.2 56.8 54 51.8 49.5 47.2 44.5 41 37.2 34.2 31.8 28 24.2 21 18.8 17 16.2 15.8 16.8 13.8 6.5 2 -10.2 -11.2 -61.2 -280 -325.5
19 18 18.2 18.8 20.5 30.5 30.2 40.8 52 52 46.8 74.2 74.2 74 74 73.8 78.5 90.2 92.5 83.8 80.2 80.5 61.5 59.8 58.2 61.5 68 72.2 75.5 79.8 85 86 91.8 93.8 93 97.8 109.2 119.5 123.5 124 105.8 96.8 91.8 90.2 89.5 93 88 80 76.2 74 70.8 68.8 67 64.5 61.5 57 53.8 52.5 54.5 56.2 56.5 55 51.8 48.5 47.2 45.8 43 40.5 37 32.2 27.5 24 22.5 18.8 15.5 14 13.5 11.2 13.5 5 -3.5 -159.5 -247.2 -144.2 -191.8 -248.2 -311.5
22 22 22 22.2 24 29.5 33.5 44 52.2 53.5 60.8 72.5 69.2 70.5 75.2 77.5 80.2 88.2 93 79.8 74.8 71 63.8 60.2 58.8 61.8 66.8 68.5 74.8 82 84.5 85.2 92 93.5 96.2 110.5 121.2 129.8 128.8 108.5 99.2 93.8 92 91 90.8 92.2 92 85.8 77.2 73.5 70.2 69.8 69.2 68.2 63 58.2 55 53.2 54.5 55.5 55 53 49 46 44 42.2 40 37 33.5 28.8 25 21.8 18.8 14.8 12 8.2 6 2.5 2 -27.5 -125.8 -257 -315.2 -222 -144.8 -152.2 -164
26.2 26 25.5 26 28 30.8 37.5 43 52.2 58.5 65.5 64.8 60.5 63.2 66.5 68.2 86 91.8 90 75 72.8 73.5 67.8 62.5 65.5 65.5 64 67.5 76 81.8 84.2 88.2 90.8 94.2 105.5 130.8 137 131.8 119 103.2 95.8 91.2 90.2 90.5 90 90 89.8 84.5 78.2 73.2 72 71.5 70.8 70 63.8 60.2 57 56 55.5 55.2 53 49.8 46.2 43.2 42 40.2 37.5 34.5 30.8 27 23.2 18.5 13.8 6.5 3 2.2 2 -0.2 -54.2 -128.2 -164.5 -138.2 -138.5 -143 -116.5 -115.8 -117
30 29 28.5 28.8 32 35.2 43 44.2 51.5 60 61.5 60.5 60 81 78.5 76.5 83.2 83 76.8 71 77.8 85 77 64.8 76 68 62.2 67.8 77.5 82.5 86.2 90.8 97.2 105.2 112 128 124 116.5 107.2 98.2 96.5 94.8 88.5 88.5 88.2 86.5 86 85.8 78.8 71.5 71.5 71 70.5 69.5 66 62.5 60 58.5 57.2 55.2 51 46 43.8 42.2 39.8 37 34.8 32.5 29 27.2 20.2 13.5 2.8 -13.2 -20.2 -21.2 -31 -76.2 -163.8 -132 -103 -96.2 -92.2 -89.5 -78.8 -68 -68.2
31.5 29 30.8 33 37.2 41 46 48 59.5 60.5 61 63.5 64 87.5 87.2 75.2 74 80.5 75.8 76 90 94.2 88.5 79 70.5 62.2 63.8 69.5 79 84.5 92 92.5 103.5 111 114 117.8 110.5 103.5 99.2 96 96.5 95.2 90.5 88.5 87.2 85.5 82.8 80.5 75 71.2 72 71.2 72.2 70.5 67.2 63 60 58 56.5 54.2 51 47.5 45 42.8 37.5 32.2 31 30.5 24 17 3.8 -18 -35 -37.8 -30.2 -34.8 -44.8 -77.8 -85 -70.5 -70.5 -54 -54.2 -56.2 -62.8 -48.8 -44.5
33.2 33 34.5 37 41.5 45.5 46.5 48.5 59.8 60.5 60.8 67.2 69 84.2 85.5 69.5 63.5 66.2 68.2 72.2 84.8 88.8 81.5 81 69 65.8 66.5 70.8 79.5 87.5 92.8 97.5 113.5 117.5 115.8 108 102 96.8 95.2 95 94.8 94 91 88 86 84.5 80 75.2 72 71 71 71.2 72.5 71 68.2 64 60.2 57.2 55.5 53.2 50.8 47.8 45 42.5 35.2 28.5 25.2 24.2 9.2 -15.5 -29 -48.5 -60.8 -63 -61.8 -68.5 -60.2 -30.2 -34.5 -35.8 -22.5 -24.2 -30.2 -40.8 -32 -7 -15.5
36.2 37.8 40.5 43.2 45.2 44.8 50 52.2 60.2 63 64.2 69.2 71.8 80.8 80.5 69.8 66.2 67.8 72 75.2 80.8 84.8 84.2 79.2 72.5 68.2 67.5 73 77.8 82.8 86.2 93 97.8 106.5 108 100 96.5 94 95.8 95 93.8 91.8 89 86.2 84.2 83 78.8 74 71.5 71.2 72.8 74.2 75.5 72.8 69.5 64.8 60.8 58 55.5 52.8 49.2 46 43 39.2 31.8 24 15 11.2 -12.5 -43 -76.2 -77.2 -114.5 -99.2 -157.8 -195.5 -112.5 -83 -40.5 -23 -13.2 -6 -6.5 -4.2 1.8 3.2 3.8
39.2 44.2 48.8 54 54 51.2 50.2 54.8 60.2 69.2 70.2 66 69.5 75 76 70.5 68.5 69.2 72 76.5 78.8 81.2 83 79.2 73.2 68.8 70 71.5 75.5 83.8 92.8 98 99.5 109.5 105.5 100.2 98.2 99.5 99.2 96.2 91.8 89 86.5 84 81.2 78.8 75.8 73 70.5 71 72.8 75 75.5 73 69.8 64.8 60.5 57.2 54.2 51.8 47.2 43.2 39.5 36 23.2 9.5 -1 -37 -52.2 -78.5 -110.8 -64 -67.8 -62.5 -80.2 -104.2 -141 -133.5 -65.8 -29 -4.8 3.8 9.5 6.8 8.5 6.2 5.5
40.2 46 52.8 61.2 61 59.2 56.8 59.2 62.5 69.5 67.8 66.8 65.2 67 70 66.5 65 65.5 68 70.2 74.8 80.2 81.8 80.2 74 69 67.5 68.5 73.5 84.2 91 99.5 101 108.2 102.2 98.8 98.5 101.2 99.5 94.5 89.5 86.8 85.5 82.5 78.8 75.5 71 69.8 71 70.8 71.8 72 72 71 68.8 64 59.8 56.8 53.5 49.8 43.2 35.5 30.5 28.2 8.5 -29.5 -51.5 -71 -90.2 -104.2 -112.5 -71.2 -29 -28.5 -43 -57.2 -107.8 -114 -67 -51.8 1.8 9.8 6.5 5.8 5.2 8 9.8
43.8 48.8 53.8 58.5 60.8 59.5 61.2 59.8 60.8 65.5 65.5 66.8 66.2 63.2 65.5 65.2 67.2 70 71.8 71.8 74.5 81.2 85.2 85.5 79.8 71.8 67 66.5 75.8 81.2 83 89.5 95.2 100.2 100 97.2 96.8 95.8 93.8 90 87 85.8 84 81 77.5 73.5 70.5 70 70.8 70.5 69.8 70 69.5 69.2 67.5 65.2 61.8 58.2 54.8 49 39.2 26.5 16.5 5.5 -14.5 -37.5 -52.5 -79 -86.8 -130.5 -212.8 -151.5 -32.2 -23.8 -15.8 -21 -37.5 -42.8 -13.2 2 4.2 7.8 6 6.8 8.5 11.8 15.5
49.5 53.2 54.2 55.8 57.5 62 62.5 62 63.2 65.5 65.5 62.2 61 61.2 63.2 63.2 66 69.8 68.8 70.2 76.5 86.5 94.8 97 83.8 72 67.2 70 74.5 76.5 79 83 89.2 98.8 99.8 98.8 95.8 93 89.5 86.2 85 83.5 82 79.2 76.5 72.8 71.2 70.5 71.8 71.5 70 69.8 69 69 68.5 67.8 66.2 63.5 59.8 53.2 41.2 24.8 5.8 -35.5 -56.5 -41.2 -60.5 -70.5 -86.8 -111.8 -164.5 -27 1 -3.8 -11.2 -9 -25 -29.2 -4.8 1.5 9.8 11 9.5 10.5 12.8 15.2 19
55 56.8 53.2 50 54.8 64 64.2 62.8 64.2 66.5 63.5 59.2 59.8 60 62 63 66 68.8 66.2 74 83 94.5 107 106.5 74.2 70.8 67.2 66.2 68.5 70.8 72.5 71 79.2 88.5 93.8 96.8 94.2 91.5 88 85.5 83 80.8 79.8 78.5 76 74.8 73.2 72.5 73.2 73.5 72.5 71 70 71 71.8 73.2 74.8 74 65 60.5 45 31.2 -16 -64.5 -57.8 -12.5 -12.2 -43.8 -15 -28.2 -14 9.8 16.5 13.2 14.5 1.5 -45.5 -62.5 -51.8 -14.5 7 16.5 15.5 15.5 16.2 15 15.8
57.2 57 52.2 51.5 57 61.8 65.5 66.5 66 64.5 61 58.2 59.2 60.8 63.5 63.8 65.2 66 69.2 79.5 91 99.5 95.8 80.8 73 70 68.8 67.2 67 69.5 71.8 72.2 76.8 80.8 85.8 87 86.8 85.5 85 84 81.8 80 80 78.8 76.8 75.8 74.8 74.5 77.2 80.5 77.2 74 73.8 75.5 76.8 76.8 76.2 71.2 58.2 45.8 36 32.8 11.2 -13.5 -25 2.5 7.2 17 16.2 20.5 17.2 22.2 21 19.5 17.8 7 -56 -14.5 9 13.5 20.8 20.5 19 16.8 14.8 15.2 17
58.2 55.5 51.5 54.8 61.8 57.2 61.8 63.2 63 62.2 59.5 58.5 60.2 62.2 64.5 63.8 63.5 66.2 74.2 85 96.5 98 87 78.2 69.5 66.5 68.2 67.2 68.8 72 75.8 78.5 80.5 82.2 83 82 81.5 81 81.5 81.8 81.2 80.8 79.8 77 78 77.8 78.2 78.5 80.5 83.8 81 78.2 80.8 83.2 82.2 78.5 72.8 61.8 47 30.8 15 -17.5 18.8 11.8 7.8 14.2 17.5 18.5 19.2 23.5 25.5 26.5 25.2 23.5 21.2 16.8 10.2 9.5 19 22 23.8 22.2 20 16.8 15 16 17.8
58.5 53.8 56.8 62.5 63 51.5 59 60.8 61.5 61.8 58.8 59 60.5 63.2 67 65.8 65.2 68 78.2 87 97.8 100 90 74.5 68.5 67 69.2 67.5 70.5 75.2 80 84.5 84.5 85.2 83.8 81.8 79.5 77.8 79.2 79.8 81 81.5 79.5 79 80 80.5 81 84.8 88.5 87.8 84.8 83.2 89 92.8 91.2 80.5 71.8 55.2 37.5 20.2 1.5 -0.2 21.5 26.8 25 26.5 21 13.5 15 21.8 27.8 29.8 29.2 26.8 24.8 23.5 23.5 22.5 22 24.8 27 23.5 20.2 16.8 14.5 16.2 17.2
57.8 52.2 60 61.2 57 56 61.8 63 62 61 59.2 61.2 62.5 66 69.5 70.2 69.5 69.8 74 82 87.5 86.5 74.8 70 68.5 69.8 71.8 72 73.8 77.8 81.2 85.5 86 85.8 84.8 83 81 79.5 79.5 79.8 81 81.2 80.5 81.5 83.5 84.2 86.2 92.2 101 87.8 85.8 85.5 90.5 94.2 91.5 78 65.8 50.2 36.5 24 17.5 14.2 21.5 26.8 29.8 32 26.8 20.5 19.2 22.2 26.8 28.5 28.8 28.8 26.5 26.2 25.8 27.8 29.5 28.5 28.8 25 21 17.2 16 13.8 12
56.5 59.5 60.5 56.2 57 63.5 63.2 63.2 62.5 60.5 62 63.5 65.5 68.8 71.5 74.5 74 72.5 70.8 74.2 76 76.5 71.5 70.8 68.2 71.2 73.2 74 75.2 77 80 82.8 85 86.2 87 86 84.8 81.5 81.5 80.8 81.8 84 84.5 85 87.8 89 90.8 93.2 95.2 88 79.8 78.8 84 89.2 88.2 70.8 55 45.2 41 37.5 31.5 25.8 23.5 24 29 33 31.5 30.2 26.8 26.8 28.5 30 31.5 33.5 35.2 33.5 33.5 31.8 32.8 28.8 26.2 23.2 21 16.5 13.2 10.2 7
57.2 59.8 56.2 55 60.8 65 64.2 64.2 63 62 63.8 64.5 65.8 67 67.5 71.5 72 70.8 70.2 70 74.5 74.8 73.5 70.2 69.5 72.2 75 75.5 76 76.2 79 82 86.2 90 94.2 95.5 92 87.5 84.2 82.5 82 85.8 85.5 87.8 89.8 90.2 91 92.5 96 83.5 74.2 75.2 74.5 77.5 75.8 66 54.2 47.8 46.2 45.2 42.8 42.2 31.5 23.8 28.2 31.2 32.5 32.8 31.2 31 31.5 34 37 37.8 37 32.8 29.8 28.5 27.8 25.5 22.2 19 17.2 14.2 10.2 8.5 6.2
58.5 59.2 57.2 60 63 65.2 65 65.5 63.8 63.8 64.8 65.2 65.5 65 64.8 70.5 70.8 69.8 69.8 73.2 75.8 74.2 72 67.5 70 73.8 76.5 78.2 78.2 78.2 81 83.8 90.5 96.2 102.8 106 99 92.2 86.8 83.2 85 86 87.8 89.5 88.2 88 88.5 89.2 94.2 87.8 86.5 93 65.2 68 69.2 65.2 57.8 52.2 50.5 49.2 47.8 47 36.8 27.2 32 32.5 33 33.2 33.2 33.8 35.5 37.5 41 38.8 34.5 27.8 23.2 23.5 22.2 21.8 18.5 15 13 13 11.5 11 9.2
58.8 59 59.2 60 63 64.8 65 65.8 65.5 66.5 66.2 65.5 66.8 67 68.2 68 69 69.5 71 71.8 70.8 67 66.2 66.5 69.8 73.8 77.2 79.8 81.8 83 87 92 100.2 108.8 108.5 108 100.5 93.8 87.8 83.8 84.2 83.8 85.2 87.5 84 84 82.8 81.5 78.2 75.8 81 90.5 89 62.8 65.5 63 59.2 55.8 54.2 51.5 48.2 46 42.2 42.2 41 39.2 34.2 31.2 33 38 38.8 39.8 37.8 33.8 28.8 26.8 25.8 23 19.5 19.5 18.5 14.8 13.2 15.2 16.8 16.8 16
59.5 56.5 59.5 61.2 64 64.8 66.2 67.8 69.5 71 73.5 74.8 70.5 67.8 67.2 68.5 69.2 69.8 71 70 66.2 65.2 66 67.2 69.2 72.5 76.2 80 85.2 90 93.8 98.2 104.8 111 107.5 104.2 97.8 92 87.5 86.8 86 85 84.2 81.8 80.5 80 79 78 75.5 73 71.8 73.8 74.5 60.5 58.2 57.5 54.8 55.8 55.2 52.8 49 45.5 42.8 41.5 41.5 39.8 34.2 30.2 33.2 35.5 35.8 34 29.8 29.2 29 27.5 26.5 23 19.8 18.5 16.8 16 16.8 18 18.8 17.8 16.2
55.2 53 59 63.2 65.8 66.8 68.2 72.2 75.8 76.5 76 75.5 75.5 75 71.5 73.2 73.2 70 69.5 66 64 64.2 64.8 66.5 68.2 71.2 75.5 81.8 89.5 98 101.2 101.5 102 102.2 99.8 96.8 93.2 89.8 89 88.5 88 86.8 84.8 81.5 78.8 77.8 77 77 76.5 74.2 71 71.2 72 72 59.2 56.2 53.8 54 54.5 52.8 48.5 45.5 42.5 41 40.8 40.2 36 35.5 34.8 33.5 33.5 31 27.5 26.8 26.5 25.5 23.5 21.8 19.5 18 17 18.2 19.2 19 19.2 18 16.5
53.2 53.8 60.5 65.2 66.8 67.2 72 76.2 76.8 76 73.2 72 74.5 75.5 75.2 76 74.8 73.2 69 65.2 63.8 63 63.5 65.5 67.5 71 75.5 82.5 93.5 107 107.5 104.2 97.8 92 91.2 89.5 90.5 91.8 91.8 90.5 89.2 87 85.5 82 79 77.2 77 77.5 81.5 78.2 74.2 73 67.8 66.2 62.5 57.8 52.8 52.5 52 49.2 47.2 45.8 42.2 38.2 38.2 36.8 33.5 34 34.8 36.2 35 32 28.8 26 22.8 22.2 20 19.2 17.5 18.5 20 20.8 20.8 18 17.2 18.2 19.2
54 59.5 63.8 65.8 67 70.8 77 79.2 74.2 73 69.8 66.5 67 72.8 78.5 76.8 75 73 66 65 64.2 64.5 64.8 66.5 68 71.5 75.8 83.5 93.5 102.2 103 99 93.8 89.8 88.8 88 91.8 94.8 93.8 92 90.2 87.8 84.2 79.2 74.8 73.2 72.5 74 77 77 75 73 67.5 68.8 69 63 54.2 50.5 50.2 48.5 46.2 43.5 41 37.8 35.8 33 32.2 33 35.5 37 35.2 33 31.5 27.5 24.5 23.8 22.5 20.8 20.5 20 20.5 20.5 19.8 17 14.8 15.2 16.2
59.2 64.8 65 65 67.5 75 77.8 75.5 71.8 68 67.8 66.5 64 65.5 75.5 73.8 71.5 68.2 65 65.2 66 66.5 67 68.5 70.2 74.8 79.8 86.8 94.8 98.5 99 95.5 92 88.5 89.5 88.5 95.8 94.2 93 91.8 91 87.5 82.2 76 70.8 69.2 68 70 71.5 74 73.5 71.5 70.8 72.5 72 68.5 55.8 50 49.5 48.5 45.5 41.8 39.2 37 36 34.2 35 37 37.2 36.2 33 29.5 27.5 27.8 27.2 26.5 26 23 20.8 19 17.2 18.5 18 16 12.8 13.5 15
64.2 66.5 69.2 73.2 72.5 73.5 73.2 69.5 66.8 69.5 72.2 66.8 68.8 71.8 69.8 67 67 65.8 66 66.5 68 69.2 70.5 72.5 75 80 87.2 96.2 101 101.2 98.8 96 94.5 93.5 93 94.5 93.5 91.5 90.8 90 85 82 79.2 74.8 69 68.5 69 71.5 73.5 74.5 73.5 72 70.8 73.2 65.5 56.2 56.2 53.2 52 50 46.8 42.8 39.2 37 37.2 37.8 38 39.2 37.5 34.5 30.8 27.2 25.2 26.8 28 27.5 26.8 24.5 22.5 20.5 19 19.2 18.2 17 15.2 15.5 17.5
67.5 68.5 73.2 74.8 71 71 71 67.5 67.5 71.2 76.8 76.5 71.8 70 68.8 70 69.5 68.2 66.5 68 70 72 74 75.5 78 84.2 93.2 105 106.2 104.8 99.5 97 97.2 98.8 94.2 91.2 91 90.5 90 87.8 83 79.5 78 76.2 73 73 73.8 76 77.2 77.2 76 74.5 74.5 74.2 62.2 54.5 55.5 55 54 52.2 48 43.8 41 39.2 38.2 38.2 37.2 38 36.2 33.5 30 27 25.5 27 27.8 26.8 25.8 25 24.8 23 22 20.8 20.2 19.2 18.8 19.2 20.2
68 71 72.8 73 69.8 74.2 80.2 72.8 71 73.8 76 71.5 70.2 73.5 72.2 68.2 68.5 69 69.8 71.5 73 75 76.5 77 78.5 85.5 94.5 103 103.2 100.5 96 94.2 96.5 100.2 95.5 90.8 90 89.5 89 85.5 82.5 78.8 77.2 78 79 80.8 84.2 80.5 79.5 78.8 79 77 78.2 74.2 65.5 56.5 55.2 56.5 55.5 52.2 48.2 45.8 43.5 42.5 38.5 33.8 33 33 34.2 33 30.8 29.5 29.2 28 27.5 25.2 22.5 23.8 25.2 24.8 23 22 22.5 21.2 21.8 20.8 20.2
68.5 69 71 69.5 67.5 78.5 80.8 74 72 71 69.5 65.5 66.2 72 71.2 70.2 70.2 70.8 73.2 74.8 76.5 78.5 79.5 80.5 83 88.5 95.2 100.5 99 95 92.5 91.5 93 94.2 94.8 93.5 91.2 90.5 88 83.8 80.5 77 75.2 77.2 80.5 82.2 82.8 80 77.5 77.5 78.8 77 75 76.2 67.2 58 54.8 54.5 53.5 51 49.5 47.8 45.5 42.5 38 33 31 30 32.5 33.5 32.2 31.2 29.5 27.8 26.5 24.8 23.5 24 25 25 24 23 22.5 20.8 19.5 19.5 19.8
68.2 67.8 69.8 74.8 75.8 75.5 76.2 76 72.8 67 67.5 68.8 68.8 74.2 73.8 72.2 71.8 72.5 75.5 77.2 79.8 82.2 83.5 84 86 90.2 95.2 98.5 94.2 90.8 90.8 91 91.2 91.8 93 92.2 90 88.8 85 82 79.5 76.5 73.8 77 79.8 80.5 79.5 77.8 75.2 76 77.8 76.2 72.8 66 59.8 55.5 54 53.2 52.2 50 49 48.2 46 42.2 38.5 34.8 32.8 32.8 34.2 35.2 33.5 30.8 28.5 27.2 25.8 24.8 24 24.5 25 25 24.5 22.8 22.2 20.8 18.5 18.5 19
69.2 67.8 75.2 81 78.2 75.5 78.8 77.8 68 67 68.2 70 71.8 76.2 74.5 72.8 72 73 75.8 79.5 82 85.5 88 86.8 87.5 89.8 91 90 87.8 86.2 89.5 92.8 88.2 89.5 89.2 85.2 84.2 81 80 80 79.8 78.8 77 77 78.8 78.5 78 76 74.5 71.8 74 72.5 67.8 60.5 53.5 53.2 53.5 56 53.8 50.8 48.5 47 45 42.8 41 39.2 36.2 35.8 35.5 35.2 32 29.2 27.2 26 25.5 25 23.8 24.2 25.2 24.8 23.2 20.5 19.5 20.5 21.8 20 19.2
70.8 69.5 75.5 80 75.8 75.8 77.2 70.2 67 68 70.2 72.5 73.2 74.5 75 73.2 73.5 75 77.2 81.2 84.8 88.2 89.8 89.5 90 89.8 88.8 87 85 84.5 85.2 84.2 84.5 87.5 84.5 82.5 83.5 77.2 79 81.5 80.8 79.5 76 73.5 73 75.8 78 74.8 72.8 72 71 69 65.5 60 56.8 56.8 57.5 56.8 53.2 50 47.5 45.8 44.5 43.2 41.8 40.5 37 33 33.8 33.2 30 27 25.2 25.5 26 26.5 26.8 26.5 26.2 23.5 19.2 18.5 17.5 18.5 19 19.8 20.8
72.5 73.2 78 77.2 74.2 72 68.8 67.5 68.5 70.2 71.8 73.2 75 78.2 80.2 75.8 76.5 77.8 79.8 82.8 87.5 91.2 93 92.5 93 91.8 89.2 86 83.5 81.8 80.2 79 78.5 79.8 81 80.5 75 75 77.5 80.5 81 80 75.8 71.5 69.8 71.8 73.5 72.5 71.5 68.5 66.5 64.5 62 59.8 58.8 59.2 58.5 54 51 49 47.5 46.2 45.2 43.2 40.8 38.2 36.2 34.5 33.2 31.8 28.8 26 25.8 27.2 28.2 28.2 27.5 27 25.8 23.2 21 19.8 18.8 18.5 18.8 20.8 21.2
74.5 78.5 77.5 77.5 75 71.5 68.8 69.8 70.8 70.5 73 75.2 77 78.8 79.8 79 79.5 80.8 81.8 84.5 88.5 91.2 94.2 93 94 92.5 91.5 87.8 83.8 79.5 76.8 76.5 77 81 82.2 76.2 70.8 71.5 75 78.8 80.5 80 74 69.2 67.2 69 70.8 71.5 67.8 64.8 62.2 59.5 58.2 58.5 58.8 57 54.5 49.8 49 49 48.2 47.2 45.2 42.5 38 34.8 34 34.8 33.2 31.8 29 26.2 27.2 30 31 28.2 25.8 26 27 25 23.2 22.2 21 20.8 22.5 22.2 21
72.8 76.5 76.2 78.2 74.5 70.2 75 75.2 77 72.8 75.2 78 79.8 80 80.2 82.5 83.5 84 84.5 85.8 87.2 88 88.5 89 89 90 90 88.8 83 77.2 73.8 74.5 81 85.5 77.2 69.2 71 72.8 74.8 75.2 77 75.8 68.5 67.5 67.2 72.5 70.2 66.2 63 61.2 58.8 56 54.8 56 56.5 54.8 52.8 49.5 49 49.8 48 46.8 43.5 39.8 36 31.8 30.2 28.5 30.8 31.8 31.2 30.8 31.2 31.8 30.5 27.2 24 24.5 25.2 25.5 25.5 24.5 24 22.8 22.2 21.8 20.2
