PG_EXEMPLO/Assets/Irish Sea Bathymetry.csv
ncols        270
nrows        257
xllcorner    0
yllcorner    0
cellsize     1108
NODATA_value -3.00000000549776E38
[rows 190 to 227 of 257, columns 87 to 173 of 270]
74.5 77.2 80.2 82 74.8 73.2 75.2 76.8 79 75.2 77.2 79.5 80.5 80.8 80 85 87 87.5 88 87.5 86.8 86 85.8 86.5 86.2 86 86 85.5 79.5 74.2 73.8 76 83 83.8 69.2 71.2 73.8 76.5 76.5 75.5 74.5 73.2 68.8 70.5 73.2 74.5 71.8 65.8 61.5 60.5 58.5 54.5 52.5 53 52.5 51.8 50.2 48.8 47.8 46.8 45 43.8 42 38.5 35 31.5 29.5 27.5 28.8 31.2 32.2 33.5 34.2 32.5 29.5 26.5 24.5 24.8 24 24.8 25.2 25.8 26 23.8 21 19 17.8
76 76.5 78.2 77.8 78.8 78.5 77.8 79 79.8 78.2 80 81.2 82.5 83.2 84.8 86.8 89 90.5 90.8 88.8 87 87 86.8 86.2 85 83 81 80.2 75.8 73.8 76.8 85.2 88.5 84 74 76 76.5 76.8 75.2 73.5 72.2 71 69 69.8 70.2 71.5 69.5 64.2 60 59.2 57.2 53.8 52 51.8 50.5 50 49 48.5 46.8 45.2 43 41.2 40 37.8 35.5 33.5 31 29.8 30 30.5 30.5 31.5 32.5 31 29.5 28 27.5 27 26.2 25.5 25.2 24.5 23.8 22.5 21 18.8 16.5
80 80.5 78.8 76.5 77 79.2 80.2 81 81 81 82.8 83.5 84.5 84.5 85.2 86.8 89.2 91 91.2 89.5 87.8 88.8 89 87.5 85 82 78.5 76 75 77.5 78.8 84.5 86.2 81.2 77.8 79.5 77.5 74.8 71.5 69.8 69 67.8 64.5 66.2 68 68.5 66.8 63.5 61 59 56.2 54 52.5 52 51.2 49.5 48.2 47.2 45.8 44.5 42.2 39.5 38.5 37 36.2 35.5 32.5 31 31 30.5 29 29 29.2 28.8 28.8 29 30 29 28.2 26.5 24.5 22.5 21.5 21.5 21.5 19.5 17
79.2 79.8 76.5 78 80 82.8 82.5 83 81.2 83.2 85.2 84 84.5 85 84.2 85.2 86 88 89.2 90.5 91.8 91.5 91.5 88.5 85.2 81.2 77.2 78 79.5 80.2 79.2 80 81.5 81.2 78 76.8 75.2 70.8 67.5 64.8 65 64 66.2 67 66.2 63.8 62.5 61.5 60.5 59.2 57 54.8 54.2 52.8 50.8 48 45.5 44.2 44.5 44.2 42.8 40.5 39 37.5 37 35.8 32.2 29 29.8 30 28.8 27 24.8 25.8 27 28.5 29.5 29.5 28 25.2 22.5 20.2 18.8 19.5 19.5 19.8 19
78.8 81 79.2 80.8 82.5 85.8 84.8 84.5 84.5 86.2 87 86.8 87.8 86 84.5 84 84.2 86 87.5 89.5 91.2 91.5 92.2 88.8 84.5 80.8 79.8 81.5 81.8 82 80.5 80.2 81 79.2 78.5 78 73.8 68 65.2 66 66 67.8 72.8 69.8 66.8 61.8 58.5 58.2 58.2 58.2 56.5 55 54.2 52 50 46.2 43.8 43 43 43 42.5 41.8 40 39.2 37 34 31.5 28.8 28.8 29.2 28.2 27.2 26.5 27 28.8 29 29 28 25.8 22.8 20.5 19.2 18 18 18 18.5 18.8
80.5 82.5 84 82.8 85.2 88.5 87 86.2 86.5 87.8 88 88.5 90.5 88.2 83.5 83.8 84 85 86.2 87.2 88 88.5 89 86.5 82.8 81.2 82 84 81 82 84.2 82.8 79.2 77.5 76.2 74.8 71.2 67.8 66 74.5 69.5 70 71.2 67.8 63.2 59 55.8 56 56.8 57 56.5 54 52.2 51 48.5 45.5 43.5 43 43 43 41.8 40.2 39.5 39.2 38 36.5 32.2 27.8 27.5 27.5 27.5 27.2 27 27.2 28.8 29.2 29 26.5 23.2 21 19.2 18.8 17.8 18 17 18.5 20.2
81 82.5 85 85 87 89 87.8 86.5 87.2 91 93.2 93.2 93 89.8 82.5 83.8 84.2 85.5 85.8 86 85.8 85.2 84.8 84.8 83 82.5 83.8 85.2 83.5 83.8 88 83.5 77.5 75.5 73 69.8 68 68.8 75.8 73.8 66.5 67 66.5 62.5 58.2 55.2 53.2 55 56.5 56 55 52 51 50.2 47.5 44 42.8 43 42.5 42.5 40 37.8 37.8 39 39.5 40.5 35.2 28.8 27.8 26.5 26.8 26 25.5 26 28 28.5 27 24.8 21.2 20.2 19.5 19.8 20.5 19.5 17.5 19.2 21.5
83 85.5 85 84 86.8 89.8 88.8 87.5 88.5 91.5 93 91.5 93 90 86.5 86 86.5 87 87.5 86.2 84.5 84 83 85.8 87.5 83.5 83.8 86 83 81.2 79.8 75.5 75 73 70.8 67.2 65.2 63.8 66 63.2 62 60.5 59 56.8 54 53.5 54.2 54.5 54.8 53 50.5 49.8 49.5 49.2 48.2 44.8 42.8 43 39.8 37.5 36.8 36 36 36.8 37.5 38.2 37 35.2 32 29.8 27 24.8 24 24.8 25.8 25.8 24.8 23.8 22.8 22.5 23.2 22.5 23 20.8 18.8 19.5 20
86.2 86.2 84 84 88.5 90.8 93.5 91.8 92.5 92 92 91.5 91.5 90.2 92.2 89.2 89.2 89 88.5 85.8 84.2 85.2 86.5 88.8 86 86.5 86.8 85.5 83.8 83.5 78 74.5 74 72.8 70 65.5 63.5 61 59.2 58.8 58.8 57.2 55 54 52.5 51.8 51.5 51.8 51.2 50.8 48.5 47.5 47.2 46.2 46 44.2 43 41.8 36.8 32 33.2 33.2 35.2 36.2 35.5 35.2 34.8 33.8 32 31.8 28.2 24.8 23 24.2 24.5 24.5 24 24.5 25.2 23.2 22.2 21.5 21 20.2 19 19.8 20.5
87.2 86.5 85 86.2 90 92 92.2 90.8 93.2 93.5 92.2 92.5 92.5 91.5 91.8 90 89.5 88 86.5 85.2 85 87 88.2 88.8 86.5 88.2 86.8 85 84 83.8 78 76.2 75.5 74 68.5 66.2 64.8 60 57.5 56 56.5 56.2 55.8 54.5 52.8 51 50 49.8 48.5 48 47.2 46.8 45.2 43.2 41.8 41 40.2 40.5 38 35 35 35 35.8 36 34.5 33 32 30.5 29.2 28.5 27 25 24 25 26.2 25.5 24.8 23.8 23.2 21.2 19.8 20 20.2 21.8 22.5 20.2 19.2
85.5 84.8 85.8 86.8 90.8 92.5 90 88.5 93 95 94.8 93.5 94.8 94.2 89.5 89.5 88.2 87 84.8 85.8 86.8 89.2 89.5 87.5 88.8 90 88.2 85 87.2 84.8 78.8 77.5 74.5 69.8 66.8 66 63.8 59.2 57 55.2 56 56.2 54.8 54.8 54 51.5 49.8 49.5 49.2 48 46.5 46.2 43.8 41.2 39.8 38.5 37.2 40 40.8 39.5 38.5 38.2 36.2 35.5 34.2 32.5 31.5 29 27 25.8 26.5 26.5 27 26.8 26.8 24.8 23 21.5 20 19.2 18.5 20.8 22 25.2 30.8 14 9.5
85 85.2 87 88.2 91 90.5 89.5 89 91.5 93.2 97.5 95.5 94.2 94.2 91 90.2 86.8 86.5 86.5 88.8 93 94 90.5 88.5 90.8 92.5 90.5 84 84.2 82.8 79 76.8 72 70.8 67.2 62 60.8 59 57.8 57.8 57.5 56.5 52.8 54 55.8 51.8 48.5 49.2 50.5 48.5 47.5 46 43 41 40.2 38.2 37 38.8 40 41 39.8 38.8 35.2 32.2 32.8 33.8 31.5 28 27 27.5 28.2 30.2 32.2 28.2 25 23 20.2 19 18.2 19.2 21.8 26.2 29.2 24.2 26.8 -9 -42.2
86 87.2 88 89.2 92 91.2 89 89 93.5 96 98.8 93.8 93.8 94 87.8 87.2 89.8 91.2 93 92.2 92.5 95 91.8 89.8 95.8 92.2 87.8 81 80 76.8 75.2 73.5 71.2 69.5 63.8 60.2 59.8 59.8 58.5 56.8 56 55.2 54 52.8 52.2 50.2 49 49 48 46.5 44.5 44 42 40 38 38 38.8 39 38 36.8 37 37 35 31.5 32.8 33.8 32 29.2 29.2 29.2 27.8 26.2 26.2 25.8 25.2 22.5 18.5 15.5 14.5 16.8 24.8 27.2 42.2 7.2 -22 -101.8 -134.2
86 88.8 90.5 90.2 89.5 89.2 90 91.2 96 98.2 95.2 93.2 94.2 95.2 92.2 90.8 92 92.5 92.8 92.2 91.5 94.5 92.8 94.5 94.2 90 84.2 79.5 77 74.5 72.8 74.5 69 65.2 62.2 60.5 60 59.5 57.5 56 54.8 53.8 53.2 52 50 49 48.8 48.2 47.8 46 43.5 42.5 41.2 39.5 38.2 38 38.5 38.2 36.8 35.2 35 35.8 35.8 35 34.8 35.5 33 31 29.8 28.8 26.2 24.5 23 23.2 23.2 20 15.8 11.8 7.8 5.8 6.8 2 -13.5 -105.8 -95.2 -131.8 -149.5
88 91.2 91.8 92 92 90 90 92.5 96.5 98.8 93 92.8 91.8 94 98.5 95 93.2 92.2 89.2 90.8 90.2 96 94.2 97 91.5 85.8 80.5 79 75.5 72.8 71.2 67.8 64.2 62.2 60.2 59.2 59.8 59 57 56 54.5 52.5 51.8 49.8 48.2 46.2 45 47 49 46 42.8 42.5 42 39.5 38.8 37.8 36.5 36.5 36.5 35.2 34.8 35.2 35.5 36.5 35 35.5 31.5 29.2 27.5 26.5 23.5 23.8 21.8 18.2 20.8 15.8 14.5 6.5 2.2 1 -37 -65.5 -136 -153 -151.2 -152.5 -166.2
88.5 91.8 92.5 92.5 90.8 90.5 91 92.5 95 95.5 92 91 90.5 94.2 100 96.5 92.2 92.5 95 93.8 94.8 97 96.8 92.2 85.8 82.2 79.2 78.8 74 72 69.5 64.2 62.8 61.5 59.2 58.2 58.5 57.8 57 56.8 54.2 52 50.8 48 45.8 45 45.2 45.2 47 46.2 45 43.2 42.2 39.5 37.8 36.8 36 35.8 37.2 37.5 34 33.2 31.2 28 27.2 26.8 23.8 24 19 22.8 8.5 7.2 7.2 1.5 -9 4.5 15 2.5 -2.8 -89.5 -127.2 -174.2 -189.5 -199.2 -203 -203.5 -208.2
91.2 92.5 92.5 92.8 89.5 89.8 91 92.5 93.8 95 92 91.2 89 90.8 93.8 93.5 91.5 91.8 95 97 97 96 93.5 87.5 82 78.5 76.8 73.8 72.5 71.2 65.2 62.2 61.5 60.2 58.5 57.5 57.5 57 56 55.2 53.5 52 51 46.8 42.8 43.2 43.5 43.5 44 44 45 43 41.5 39.2 36.5 36 36.8 37.5 36.8 35.2 32 30.8 26.2 19.2 12 13 5.8 -4.8 -22 -50.8 -66 -87.2 -95.5 -98.5 -123 -43.8 -36.8 -62.5 -118.8 -146 -160.2 -202 -203.8 -217.2 -218.8 -238.2 -268
93.2 93 91.2 90 90.2 89 93 91.8 92.2 93.2 92.5 91 90.5 88.5 89 91 90.5 95 94 92 90.2 91 87.5 84.5 78.5 76.5 73 71.5 68.8 65.8 62.8 60.2 60.2 59.5 57.5 56.2 57.5 57.8 55.2 53 52.2 51.8 52.2 45.8 38.5 40 42 41.5 40.5 40.8 41 40.8 40.2 38.2 34.2 34.8 36.8 36.2 34 31.5 28.5 26.5 18.2 6.5 -28 -14 2 -41 -105 -109.5 -119.2 -115 -145.2 -140.8 -126.5 -115.5 -106 -152.5 -182.5 -168.8 -137.5 -177 -188.8 -147.5 -207.8 -282.2 -252.5
93.5 93 91 91.2 91 89.5 94.2 92.5 91.5 91 90.8 89.8 91 90.2 92.5 94 93.2 99.2 97 88.5 86.2 84.8 82.5 82 76.2 74.2 72.2 70 66.5 63.8 61.5 60 59.8 58.5 56.8 56.2 57 56 53.5 51 50.5 51.5 51 46.8 41.8 40.2 40.2 40 39 38 38.8 38 37.2 35.2 32.8 32.8 31.8 28.5 28.8 28 24.5 21 7 -14.8 -138.8 -117.8 -45 -17 -44.5 -69.5 -79 -115.8 -141.8 -110.5 -124.8 -154.8 -137 -133.2 -162.2 -146.8 -109.2 -120.2 -121.2 -127.8 -187.5 -233 -227.8
93.5 93 92 93.2 91.5 93 97.2 95.2 93.2 90.5 91 91.5 92 95.2 99.5 99.5 99.8 98 94.8 85.5 81.2 80.2 81 77 75.8 73 68.5 65.5 63.2 61.5 60 59 58.5 57.5 57 58.2 55.8 53.2 51.2 49.2 49 49.8 49.5 48 45.8 42.2 40 39.5 37 34.8 34.8 33.5 31.5 32 32 30 28.5 26.2 23.2 26 13.8 12 -1.5 -84.8 -167.8 -160.5 -135 -53.8 -28 -17.2 -44 -86.5 -79.5 -109.8 -142 -140.5 -105.2 -134.5 -159 -145 -112.2 -83.5 -156.8 -209.2 -242.8 -203.2 -240
93.8 94.2 95.8 97.2 93.5 97 100 99 95.8 93 91.8 95.2 95.5 101 103.2 100 94.5 90.8 88.8 83.5 80.5 78.2 77.2 76.8 74.8 69 60.5 60 59.5 59.2 58.5 57.8 57 56 55 54.5 52 49 49.5 49 49.5 50 49.5 48.2 47.5 43.2 43.5 41.2 39.2 33.8 30.8 29.8 28.2 28.5 30.8 27 24.8 22.8 7 2 2 -35.8 -94 -91.2 -105 -154 -164.8 -130.8 -84.2 -29 -46.5 -54.8 -35.5 -49.8 -88.2 -108 -82 -131.8 -112.5 -144.8 -126.8 -95.5 -156.5 -181 -178 -150.5 -179.8
93.8 95.8 98.5 99.5 97.8 99.5 100.5 100.8 98.5 96.5 97.2 99.5 101 102 103.5 98.8 90 89.2 87 84 83 77 75.2 73.8 66.2 61.8 60 59.5 58.2 56.5 57.2 56.8 55.2 54 52 51 49.8 48.2 48 48.2 49.2 50.5 51.5 45 44 33 32.8 31.8 37 31.2 29.2 27.8 26.5 20.5 21.2 18.5 17 4 -55.2 -115 -123.2 -153.5 -157.2 -148.2 -142.2 -129.2 -147.5 -115 -58.5 -52.8 -54.2 -49.5 -61.5 -87.8 -45.5 -53.8 -43.8 -55.8 -59.2 -59.8 -76.2 -92.5 -94 -109.2 -98.5 -99.5 -135.2
93.5 96.8 98.5 98.8 100.5 99.2 99.2 99.2 100.5 100.5 99 99.2 100.2 99.8 97 94.5 90.8 90 89.5 86.5 84 75 74.2 67 64.2 62 61.5 61 57.8 56.2 55.8 53.5 53 51.5 50 50.5 50 49 49.2 48.8 48.2 49.8 49.5 24.5 2.8 1.2 4.8 5.2 9.8 14.2 27.2 22.5 22.2 -13.8 -30.2 3.2 5.8 -4 -49.8 -65 -75.2 -91.5 -129.2 -149.2 -138.2 -147.5 -152 -140.8 -138.5 -142.5 -130.5 -107.2 -135.5 -140.5 -98.5 -50.5 -81.5 -118.5 -127.5 -99 -81.5 -85.2 -103.2 -57 -53.5 -68.2 -84.2
92.8 95.2 97.2 98.8 99.5 99.5 100.2 101 102 101.5 99.8 101.2 101.5 99 94.8 91.2 89.2 89.5 88.5 85.2 76.2 73.2 68.8 65 63.5 61.8 60.8 59 56 54.5 52.2 52.2 52 49.8 49 49.8 50.5 50.2 50 50.5 46.5 44.2 34.5 -30.5 -83.8 -103 -89.5 -82 -95 -16.5 11.8 4.8 0.2 -26.5 -69.2 -50 -45.8 -54.2 -46.2 -42.2 -47.8 -69.2 -84.5 -96.2 -102.2 -132.5 -163.8 -190.5 -202 -193 -196.2 -142.8 -131.8 -112 -104.5 -77.2 -94.5 -137 -166.8 -194.8 -211 -168.2 -167.5 -116.8 -97.2 -118.5 -135
91.5 94 96 97.5 97.5 98.8 100.5 102.2 102 100.8 100 102.2 98 94 87.8 87 89 91.5 81.2 76 74.2 71 67.8 64.8 63.5 62 60.5 56.8 50.2 45.5 46 50 52 51.5 50.5 50.8 50.8 50.5 47.2 43.8 38.2 31.8 13 -37.2 -102.2 -114.5 -138.8 -117.5 -49.2 -27 -20 -53.5 -94.8 -109.2 -220 -190.5 -200.5 -230.5 -262.5 -174.2 -86 -131 -134.5 -103.8 -110 -113 -126.8 -134 -142.8 -176 -191.8 -170.5 -132.5 -149.2 -160.2 -163.8 -125.8 -95 -139 -175.5 -204 -240 -248 -189 -170.2 -155 -188.2
92 93.8 96 96.5 96.8 98 98.8 99.5 98 99 99 99.5 94.5 89.2 82.2 90.5 87.8 83.5 76.5 74.2 72.2 69.5 68 66.5 64.2 61.5 59 52.2 41 36 41.5 45.8 49.8 51.5 49.2 49.8 47.5 45.8 39 33 24.5 20.5 7.5 -35.2 -68.5 -105.2 -105.8 -79 -71.8 -111.5 -103.2 -86.2 -102.5 -151.2 -187.8 -235.2 -244.5 -217 -183.5 -201.5 -217.2 -227.8 -152.2 -125 -130.8 -129.8 -132.2 -150.2 -166.2 -187.8 -241 -294.5 -235.8 -239.5 -164.2 -146.8 -158.2 -134 -169.5 -147 -186.5 -257 -306.5 -274.5 -261.2 -253 -245.8
94.5 96 95.8 94.2 96.5 97.5 96.8 94 90.8 93 95.2 94.2 91.5 87.5 84.8 84.8 82.2 77 74.2 71.5 73.5 73.2 72 68.8 65.8 55.2 44.5 33.2 35.5 39.5 44.2 48.5 46 43.8 41.5 40.5 34 32 21.8 11.2 -4.5 -5 -26.8 -35.8 -70.2 -98.5 -107.8 -94 -98.8 -90 -102.2 -144.2 -162.8 -185.8 -192.8 -165 -175 -194 -218.2 -283.2 -311.8 -263.8 -238 -236.2 -238.2 -268.2 -271.5 -286.8 -260 -241 -222.5 -202.2 -185 -206.8 -218 -216 -203.2 -187.2 -214 -191 -195.5 -257.5 -286.8 -287.8 -261.5 -248.5 -233.2
98.8 99 97.2 94.8 98.5 99.8 97 91 86.2 88.2 94 94.2 91.2 87.5 81.5 81.5 79.8 76.2 74 72.5 79 82.5 73.2 67 61.8 44.8 31 36 43 46.8 41 39.2 36 35.2 26 22.2 1.2 -13.5 -18.2 -34.8 -61.8 -61 -88 -79.5 -80.8 -87.8 -74.8 -86 -77.5 -96.8 -127 -141 -177.2 -205.5 -264.5 -258 -238.2 -269.8 -307.5 -368.8 -355.8 -423.8 -403.5 -299.5 -296.2 -267.5 -238.8 -232.5 -295 -263.5 -214 -216.2 -155.8 -149.8 -219.8 -205.8 -220.5 -209.8 -203.8 -229.2 -239.2 -258 -241 -223.8 -214.2 -225.8 -173
103 101.2 99.8 99 102 101.5 99.2 95 90.2 90.5 93.8 95.8 90.8 86.8 81.2 79.2 76.5 75.8 79.2 78.8 79 80 67.2 56.2 41 37.2 37.2 40.8 40.5 39 32 28.8 17.5 8.8 -10 -23.2 -48.8 -69.8 -87.5 -106.8 -114 -107 -115 -112 -113.2 -102 -81 -70.5 -98.5 -126.5 -164 -182.2 -176 -171.8 -169 -197.5 -253 -251.8 -245.5 -257 -286 -323 -309.2 -263 -202 -197.5 -194 -260.2 -263 -221.2 -154.2 -139.2 -162 -193 -221.5 -206 -171.2 -181.2 -195.8 -198.8 -214.2 -227.2 -201.5 -217.2 -218.2 -153.8 -128.5
107 104.5 104 104 104.8 103.8 101.2 99.5 95 94.5 95.8 95.5 86 84.5 81 78 76.5 77 83.2 79.5 70.5 69 64 49 34.2 35.8 39.5 35.2 31.8 30 5.2 -13.5 -24.2 -55.2 -75 -80.8 -91.2 -94.5 -99.2 -94.5 -103.8 -116 -113.8 -119 -134.2 -123.8 -107.2 -76.5 -84 -108 -97.5 -97.5 -110 -126.8 -148.5 -183 -190.8 -184 -188.8 -196 -222.2 -208 -198.2 -204.5 -188.5 -161.5 -184.2 -200.8 -178.2 -121.8 -117 -170.2 -188.5 -201.5 -214 -187.8 -156 -134.5 -174 -192.8 -178.5 -185.5 -186 -157 -186.8 -141.2 -129.5
110.2 112 106 106 106.8 104.5 100 99 98.2 97 96.5 93.5 83.5 81.8 79.2 77.8 77.8 79.5 84 75.8 66 65 55.8 42.2 33 30.8 27.5 20 19.5 9.5 -27.8 -66 -58.8 -51.5 -57 -70.8 -73.8 -70.8 -71.2 -81 -90.8 -96.8 -109 -111 -104.8 -108.8 -94 -90.8 -83 -72.8 -64.5 -97.5 -125 -132.5 -146 -156 -169 -133.2 -172.2 -201.5 -184 -179 -159.5 -142.2 -131 -185 -197.8 -180 -118.8 -131 -142.2 -139.5 -166 -151.2 -166.2 -184 -150.2 -153.5 -139.8 -190.5 -176 -146.2 -125.2 -167.8 -193.8 -198 -192.2
110.5 109.5 108.8 108.2 106.2 104.5 102.2 101.2 101.5 98.8 96.2 89 82.5 80 77.5 77.5 79.8 79.5 80.5 64.5 50.8 52 44.5 33.5 23.8 23 17.5 6.5 1 -1.2 -31.5 -40.2 -52.2 -58.2 -61.8 -66.5 -75 -53.2 -74.8 -81.2 -100.2 -103.2 -99.2 -83.5 -100 -113 -112 -106.2 -102.2 -106.8 -73.8 -88.5 -80.5 -104.5 -115 -127 -131.8 -102.8 -121.2 -134.8 -143 -124.5 -116.5 -89.2 -131.8 -174.5 -160.5 -150.2 -103.8 -125.8 -145.2 -162.8 -139.5 -111.5 -117 -131.5 -161.5 -106.5 -152.2 -157 -125.8 -175 -113.8 -134.8 -130 -135 -139
111.8 111.5 109 108.5 104.5 104 105.8 105.5 103.8 98 92 84.2 81 78.2 76.2 75 74.5 71.2 65.5 55.5 45.8 44.2 39 30.2 24.5 23.2 17 -22 -22.2 -7.2 -22.8 -14 -10 -6.2 -6.2 -7.2 -16 -23 -46.8 -53.8 -68.5 -73.2 -48 -59.5 -96.2 -130.5 -130.8 -110.2 -86.5 -67.5 -47.8 -65 -83.5 -94.8 -87.2 -111 -105.5 -82 -80.8 -80.5 -89.2 -82 -68.2 -60.8 -110.2 -119.2 -93.5 -87.5 -76.8 -129.8 -154.2 -159.2 -149.2 -111.8 -110 -100.5 -110.8 -83 -110.8 -84.5 -78 -103.2 -95.5 -67 -101.5 -127.2 -122.5
113 112.2 108.5 108 106 105.5 108 108.5 104.8 91 87 82.5 78.5 74.5 72.8 69.8 67.5 63.2 59.8 51.5 43.5 43.2 39.5 30.2 27.5 31 28.5 13 2.5 14 15 18.5 14.2 18 14.2 17.5 12 12.8 5.2 5.2 2 -21.8 -55.2 -79 -77.8 -82.8 -74.2 -63 -56 -33 -41.5 -56.8 -68.8 -65 -62.2 -77.8 -73.2 -63 -57.5 -48 -44.5 -42.2 -38.8 -58.8 -77 -78.2 -63 -43 -74.2 -93 -85.8 -112.8 -94 -91 -68.8 -99.5 -91.2 -48.8 -88.2 -63 -93.8 -74.5 -57 -46.2 -58 -58 -45.2
111.5 109.8 108.8 109 107.5 107 106 103.2 97.5 87.5 83.5 79.2 70.5 64.2 59.2 61.5 64.2 59.8 58.2 55.5 50 44.5 40.5 31.2 28 34 37.5 34.2 32.2 36.5 31.8 26.2 22.2 21.5 21 21.5 21 20.8 16.8 14.2 3.8 -19.5 -63 -81 -99 -73.5 -47.5 -37.8 -34.8 -25.8 -43.2 -46.2 -50.8 -57 -77.5 -90.2 -92 -83.5 -60.8 -80.5 -80.5 -51.8 -80.8 -68 -55.5 -61.2 -59 -51.2 -43.5 -44.2 -50.8 -73.2 -61.8 -106.2 -48.8 -42.8 -56.2 -46.5 -28.8 -25.2 -37.2 -42.2 -22.2 -53.2 -100.8 -108.2 -83
110.5 108.5 107.5 108 107 106 103 98.5 90.5 82.5 77.8 72.8 64.8 55.5 50.5 57 60.5 59.5 58 54.5 53 48.2 40.8 32.2 26.5 35.5 43 44.8 42.8 43.2 38.8 33.5 28.5 25.8 24.5 24 24 23.8 20.5 17.8 7.2 0.5 -47.2 -88 -77.5 -57.5 -51.2 -43.8 -39.8 -28 -26 -30.2 -32.5 -43.5 -47.5 -55 -72 -78 -57.2 -66.5 -47 -42.5 -47.5 -69.8 -78.5 -83 -95.2 -101.2 -71.2 -40.2 -32.5 -26.8 -31.8 -49.8 -41.5 -33.2 -31 -32.8 -18.5 -22 -32.2 -15 -50.5 -97.2 -118.2 -112 -67.5
111 109 108 107.5 105.5 105 99.8 95.2 87.5 77.2 74.2 67.8 59.8 51.5 49.2 55.8 58.5 58.5 57.5 54.8 54.2 52.8 47 39.8 36 40.5 45.8 47.5 46 44.8 43 40.5 35 29.8 27.5 28 27 25.2 20.2 17 6.2 2 -62.5 -94.8 -94 -72.8 -72 -68 -56.5 -46 -22.8 -31.5 -35 -29.5 -29 -58.2 -56.8 -62.8 -45 -27.8 -25.5 -46.5 -43.5 -77.8 -86.5 -82.5 -66 -69.2 -65.2 -80.2 -101.8 -117.5 -127 -132.8 -106.8 -66.5 -31.8 -53 -39.8 -19 -26.5 -11.8 -60.5 -71 -87 -85.2 -41
111.5 109.5 107.5 104 105.2 106.8 98 92.2 83 72.8 70.2 62.8 55.5 50.5 52 56 57 56.5 56.5 54.2 54 55.8 54.2 47.2 43.8 46.2 49 49 47.2 45.5 44.2 45 37.8 30.8 27.5 28.8 25 21.8 9.8 6.8 2.5 2 -27.8 -72 -73.5 -73 -71.5 -59.2 -49 -49 -41.8 -24.8 -28 -32 -33.5 -44 -28.5 -26.8 -43.8 -72 -85 -100.5 -99.2 -111.8 -122 -132.2 -140.5 -148.2 -165.2 -171 -159 -167.2 -170.8 -145.5 -106.5 -98 -102 -84.5 -59 -51.8 -39.5 -20.8 -30 -71.8 -74 -62 -4.8
