PG_EXEMPLO/Assets/Irish Sea Bathymetry.csv
ncols        270
nrows        257
xllcorner    0
yllcorner    0
cellsize     1108
NODATA_value -3.00000000549776E38
[rows 152 to 189 of 257, columns 0 to 86 of 270]
-117.5 -123.8 -135.2 -152.2 -135 -103.8 -86.8 -74.8 -67.2 -65.8 -61.5 -56.2 -56.8 -55.2 -59 -58.5 -60.8 -63 -64 -71.8 -87.5 -80.8 -81 -103.5 -126.5 -130.5 -105.5 -101.5 -104.2 -112.5 -123.2 -137.5 -171.2 -207 -228.8 -191.5 -174.2 -182.8 -197.8 -229 -327 -430.5 -444 -358.2 -433 -500.2 -522 -516.5 -573 -574.2 -579.2 -531.8 -421.8 -380.8 -486 -377.8 -308.2 -347.8 -304.5 -214 -199 -232.8 -200.5 -184 -184.8 -187.2 -214.2 -180.8 -99.5 -77.2 -42.5 -13.8 -1.8 7.2 12.8 17.2 15.8 12.8 15.8 18.8 26.2 26.5 19 17.5 13.2 13 13.5
-129 -149.2 -174.5 -151.8 -115 -95.5 -88 -88.5 -85 -95.2 -70.2 -63 -62.2 -63.5 -58.8 -58.5 -59.8 -60 -64 -68.5 -79.5 -75.5 -92.5 -111.5 -132 -133.8 -103 -115.5 -125.2 -137.8 -127.2 -159.5 -169.2 -182.2 -195 -188 -179 -173.2 -191.5 -252 -280.8 -357 -520.8 -483.5 -434.5 -517.5 -648.5 -619.8 -676.5 -594 -539.5 -529.2 -579 -438.8 -310.8 -258.5 -263 -218.8 -236.8 -189.2 -242 -198.5 -201.2 -186.5 -192.2 -210 -150.2 -62 -50.5 -40.2 -26.8 -6.2 0 7.5 11.5 15.5 14.8 13.5 16 19.5 26 23.2 17.2 14.8 14.2 15.5 17.2
-170 -146.5 -120.8 -113 -101 -91.8 -94.8 -159 -163.8 -96.8 -82.5 -70 -67.5 -62.5 -60.8 -58.5 -56 -61.5 -64.5 -65.5 -69.2 -74 -92.2 -97 -125.2 -122.8 -93.2 -113.2 -132.5 -157.8 -143.8 -144.5 -151.5 -180.5 -212 -164 -157 -170.5 -248 -188.8 -181 -243.5 -274 -258.8 -277.2 -416.2 -593 -622.5 -522 -416.5 -485.2 -518.2 -412.8 -301.5 -271.5 -346.8 -297.5 -156 -215.5 -309.2 -274 -279.8 -300.5 -216.5 -228.2 -152.8 -115.8 -95 -61.8 -24 -13.8 -7.5 0.2 5.2 9 12.8 13.8 14.5 17.5 19.2 30 34.8 22 14 15.8 18 19.5
-159 -150.8 -120.8 -102.2 -94.5 -98.5 -143.2 -206 -160.5 -124.2 -88.5 -75 -70.2 -64.5 -62 -59.5 -57.5 -61.2 -63.2 -65 -68.2 -72 -79.2 -81.5 -89.8 -99.2 -94.2 -109.8 -130.8 -135.8 -157.5 -164.5 -151 -186.8 -171 -158.8 -157.5 -193.2 -175.5 -169.5 -185.5 -195 -195.2 -221.8 -300.8 -374 -564.5 -691.2 -604.5 -450 -329.8 -310 -474.5 -522 -448.8 -392.8 -307.5 -184.5 -175.8 -263.8 -309.8 -282.2 -211.5 -191 -219 -282.2 -162.5 -58.2 -55 -77.5 -74.5 -54 -19.2 -8 1.8 9.2 13 19.5 20.5 18 33 44.2 28.5 18.8 18 18.5 19
-184.5 -157 -131.5 -116.8 -109.2 -100.2 -113.2 -157.2 -153.2 -124.2 -120.8 -90 -73.5 -68.8 -65 -64.8 -59.5 -56.8 -63 -65 -69 -72 -76 -78.5 -83.2 -92.5 -121.5 -138.2 -143.8 -162.5 -160.2 -202.8 -159.8 -132.2 -166.2 -167 -191.5 -309.2 -272.8 -214.2 -234.8 -222.2 -209 -258.8 -419.8 -547.2 -660 -766.8 -733.2 -713.5 -580.5 -406 -263.5 -315.8 -307.8 -348.2 -374.8 -341.2 -254.5 -167.2 -169.5 -189 -197 -202 -182.2 -137.8 -93.5 -109.8 -131 -99.8 -137.8 -84.5 -114.8 -108 -53 -10.2 14.5 16.5 18.8 20.2 30.8 39.2 32.5 23.8 19.2 19 20.5
-236.8 -173.8 -148.5 -156.2 -210.5 -224.8 -165.8 -134.2 -150.8 -127.2 -107 -104.5 -84 -72.8 -67.2 -64.2 -61.5 -56.2 -58 -63.2 -67.5 -70.8 -72.5 -76.5 -81.5 -100.8 -115.2 -134.2 -149.5 -187.8 -228.5 -220 -167.2 -193.8 -278 -196 -172.2 -227.5 -267.2 -282.8 -496.2 -456 -396.2 -331.2 -413.2 -456.5 -596.8 -527 -515.5 -628 -583.5 -508.8 -431 -275.5 -196.8 -205.5 -266.5 -336.5 -275.2 -217 -155 -128.2 -148 -141.2 -111.2 -103 -127 -98.5 -66 -54 -58.8 -66.2 -78.2 -71.8 -31.8 3.8 10 10.2 15 20 30.2 41 35.2 26.2 19.8 20.5 24.2
-196.8 -177.2 -203 -230.5 -282.2 -297.8 -277.2 -216.2 -212.5 -184.5 -137.5 -98.2 -86.8 -74.5 -69.8 -63.5 -63.8 -59.8 -54.8 -60.2 -65.2 -77.2 -85 -97 -84 -82.5 -91.5 -101.8 -165 -154.5 -163.8 -153 -138 -124.5 -137.5 -139.2 -142.5 -183 -202.8 -237.5 -341.5 -343 -306.2 -260 -243.2 -286.2 -366.2 -447.2 -379.5 -360.5 -403.8 -418 -458.2 -392.8 -321 -228.5 -163.2 -143.8 -162.5 -197.5 -193 -128.5 -116.5 -133 -148.8 -151 -101.2 -61.2 -67.8 -90.2 -101.8 -57.2 -35.5 -30.5 -5.8 7.8 7.5 8 14.5 21 31.5 39.2 32 24.8 21.8 23.8 29.2
-154 -184.5 -226.2 -250.5 -277.5 -265.2 -260.2 -274.5 -226 -184.2 -167.2 -124.5 -92.8 -77 -68.8 -62.8 -61.8 -59.8 -56.5 -55.8 -64.8 -79.2 -78 -84.2 -82.2 -78.8 -94.8 -111 -135.5 -135.8 -124.5 -125.2 -134 -128.5 -116.2 -118.2 -127.2 -147.8 -156.2 -167.5 -173.5 -183.2 -201.2 -212.8 -195.8 -218 -273.5 -316.5 -315.2 -229 -230.2 -378.8 -426.5 -512.5 -433 -385.2 -230.8 -149.8 -101.8 -115 -127 -134.2 -104 -124.2 -133.2 -182.5 -161.2 -112.2 -60.8 -40.2 -81.5 -142.8 -97.2 -4.5 5 8 9 12 17.2 21.2 27.8 33.2 28 23 22.2 27 32.5
-196.2 -186.2 -201.8 -245.5 -218.5 -205.2 -219.2 -262 -236.2 -218.5 -194 -191.5 -169.8 -120 -79.5 -63.5 -60 -57.2 -53.8 -50.8 -56.2 -65 -68 -68 -78.5 -82 -82.8 -91.5 -106.2 -116 -119.2 -125.5 -123.5 -120 -114.5 -122 -120 -132 -143.5 -143.5 -145.2 -158.8 -189 -180.8 -176 -199.2 -220.2 -273.2 -296.5 -326 -306 -241.2 -302.5 -346.2 -243.2 -261.8 -286.5 -217 -175.5 -127.2 -91.8 -109.5 -103.8 -173.2 -187.5 -94 -62.8 -71 -78.5 -50.8 -48.2 -39 -25.2 3.5 11.2 11.5 12.5 16 19.2 19.8 21.5 25.8 25 22.5 21.8 25.5 31.5
-262.8 -274.2 -237.8 -225 -195.5 -164.8 -190 -239.5 -234 -225.8 -218.2 -219.2 -167.5 -126.2 -98.2 -70.5 -59.2 -57 -53.2 -49.8 -52.8 -57.8 -61 -66 -77.5 -88.8 -107.8 -102.5 -109.8 -122 -132.2 -131 -110.8 -107.8 -134.8 -144.8 -141.8 -127 -126 -148 -153.5 -173.5 -169.2 -170.5 -180.2 -189 -203.8 -225.5 -274 -430.2 -369.2 -193.5 -204 -236.2 -222.5 -167 -243.8 -304 -256.8 -151.2 -118.2 -87 -134.5 -172 -173.8 -170 -92.2 -50.2 -36 -29.2 -37 -18.2 1.8 15.2 16.8 15.2 16.8 19.2 19.5 13.8 16.8 24.5 24.2 22.8 20.5 22.2 29
-254.8 -268.2 -235 -197.5 -171.8 -147 -156.2 -198.5 -209.5 -186.2 -202.2 -208.2 -157.2 -119.2 -101.2 -76 -61 -59 -54.2 -52.2 -57.8 -59.5 -68.2 -72.8 -73.8 -88.2 -96.8 -97.5 -100.2 -114.5 -115 -114.8 -103 -109 -124.2 -121.8 -113.5 -113 -115 -123.8 -127.2 -154.2 -160.8 -162 -179.8 -193.8 -180.8 -185 -272.5 -302.8 -233.8 -259 -179.8 -133.5 -187.8 -189.5 -144.5 -183.8 -148 -129.8 -199.2 -158 -71 -109 -148 -194.8 -193.5 -64 -22 -16.5 -7.8 -7.8 7.8 14 17.5 18.5 21.8 24.8 19.2 11.8 16.2 22.5 24.5 25.2 22.5 22.8 30.8
-235.5 -240.8 -217.5 -169.8 -141.8 -130.5 -138.5 -150 -174.2 -179.8 -195.2 -221 -257.5 -227.5 -155.2 -95.5 -59.2 -54.5 -52.8 -50.8 -57 -60.8 -78.2 -91 -74.8 -78.5 -85 -90.5 -107.5 -99 -96.8 -97.2 -100.8 -112.5 -119.2 -104 -108 -113 -113.8 -125.5 -156.8 -186.8 -191.5 -184.2 -200.5 -208.8 -198.2 -250.2 -231.5 -195.8 -251.5 -293.5 -307 -208 -106 -98.8 -104.8 -90.5 -82.5 -106.8 -163.8 -107.5 -67 -110.8 -157 -132 -166.2 -191 -34.8 -9.5 -1 3.2 12.5 16.2 19.5 22.2 25.5 27.8 20.2 13.8 16.8 21.8 25.5 27.8 25.5 25 30.2
-207.2 -212.2 -175.5 -140.5 -132.5 -147 -173.8 -189.2 -210.5 -250 -240 -260.2 -283.8 -303.5 -278.2 -178.8 -66.2 -52.8 -53.8 -51 -54 -63 -81.5 -82.2 -85 -88.8 -85.5 -81.8 -97.5 -88 -105 -103.2 -99.2 -100.5 -103.5 -92.8 -98 -106.2 -107 -120.2 -126.5 -157 -177 -160.5 -166 -163.2 -241.5 -354.8 -215.2 -137.8 -182.2 -146.2 -138.2 -107.5 -98.5 -115.2 -141.5 -201.2 -240.2 -129.5 -92.5 -59.8 -94.2 -128 -140.8 -79.5 -64.2 -76 -22.8 3.8 11.8 15.5 16.5 18.8 21.8 24.5 27 25.2 17.8 14 19.8 25 28 28.5 29 30 36
-210.8 -176.5 -148.2 -144.2 -166.8 -201.8 -232 -249.2 -232.5 -254.5 -279.8 -313.5 -302 -305.2 -322.8 -223.2 -83.5 -49.2 -49.5 -53 -52.2 -58.2 -65.5 -66.5 -73.5 -70.5 -78.2 -77.5 -78 -90.2 -88.8 -99.5 -94.2 -94 -91.8 -89 -96.8 -107.2 -108.2 -115.2 -129.2 -145.5 -171.2 -156.5 -151 -154 -240 -269.8 -250.2 -130 -88.2 -95.8 -108.2 -123.2 -177.2 -151 -208 -334.2 -221.5 -166 -115.8 -137 -107.5 -55.2 -36.5 -40 -32 -22 -2 11 14.5 18 20 22.5 23.5 25.8 27.8 24.8 16.5 13 19.5 28 29.5 30.5 31 34.8 42
-250.8 -199.8 -142.2 -144.2 -188 -234.2 -241.8 -246.2 -217.8 -256.5 -280.2 -269.5 -263.8 -272.8 -299.5 -266.2 -108.2 -50.8 -48 -51.5 -54.5 -66.2 -71.8 -77.8 -81 -74.8 -62.8 -64.8 -68 -78.2 -74 -78.2 -87 -83.5 -100 -103 -109 -113.8 -112.8 -127.2 -240.2 -236.5 -177.8 -148.2 -193.8 -292 -178.8 -122.2 -148 -99.8 -125 -143.2 -189 -176.5 -252 -417 -447.2 -378 -290.8 -187 -171 -139.8 -85.5 -48.8 -35.2 -19.2 -6 4.8 9.8 12 16 19.5 21.8 24.2 22.8 23.5 28.5 26 15 8.2 15.5 23.2 27.8 30.8 33.8 39 47.5
-186.2 -185.8 -126 -140.2 -190 -210 -199.5 -199.5 -186 -212.2 -217.5 -236.5 -278.2 -292 -227.8 -143.5 -82 -49.8 -48 -52.2 -62.2 -85.5 -103.2 -104.5 -90 -85.5 -75.2 -74 -67.5 -68 -75.5 -72.8 -77.8 -76.8 -82.2 -82.8 -98.2 -107.8 -122.8 -161.2 -172.5 -195.2 -250 -208 -163.2 -166.8 -96.2 -102.2 -105 -97 -143.5 -131 -130.8 -185 -323.8 -356.8 -332 -299.2 -266.5 -156 -126.8 -91 -62.5 -51.8 -43 -39.2 -17.2 7 12.8 15.5 17.8 21.5 22.2 23.5 24.8 27 26.8 20.5 11.2 5 13 19.5 27.8 35 43.5 46.8 52
-128 -119 -110 -140 -159.2 -186 -194.2 -192.2 -251.5 -246.8 -214.5 -236 -263.2 -221 -120.8 -84.5 -60.8 -49.2 -50.5 -58 -70.5 -125.2 -156.5 -150.2 -97.5 -84 -86.8 -85 -78.2 -68.5 -68 -66.2 -74 -80.8 -93.5 -97 -117.8 -128 -169 -289 -202 -148.2 -158.2 -168.5 -117.5 -86.8 -122.2 -91.2 -114.5 -104.8 -106.8 -119.2 -148 -205.8 -272.2 -238.5 -242.2 -225.8 -160.5 -112.5 -76 -59.2 -48.2 -45.5 -42.2 -44.8 -30.5 7 13.2 15 17 20 21.8 24 28.5 31.8 26 15.8 11.8 13 19 24.5 32.2 40.2 49.8 54.8 58.2
-88.8 -102.5 -133.5 -159.2 -180.5 -221 -259.5 -229.2 -249.8 -252.5 -252 -264 -234.8 -153 -89.8 -61.8 -50.2 -46.2 -49 -56.2 -89 -136.2 -135 -114.2 -95.8 -86.8 -83.8 -89.5 -82.2 -75.5 -74.2 -77.5 -76 -79.2 -95.8 -103.5 -128.8 -174 -230.2 -285.5 -276 -199.5 -121.2 -71.2 -113.5 -124 -97 -121 -133.5 -143.5 -133.2 -219.2 -286.2 -310.8 -182.5 -177 -205.2 -141.5 -96.5 -77.8 -66.8 -45.5 -29.8 -37.8 -33.5 -27.8 -15.8 11.5 11.8 11 14.8 17.5 21.5 25 31.8 36.8 25.5 9.8 16 28.8 31.5 34.5 38.2 44.2 53.8 60.5 63.2
-101.2 -143.2 -175 -175.8 -228.5 -247 -276.5 -281.8 -262.2 -274.8 -296.2 -277.5 -187 -141 -76 -55.8 -48.8 -52.2 -51.5 -67 -115.5 -160.5 -137.5 -100.8 -95.8 -87.8 -83.8 -85.2 -88.2 -84 -80 -82 -81.8 -84.2 -98.8 -128.5 -126 -121.5 -209.8 -147.8 -154.8 -118.8 -79.5 -87.2 -153.5 -163.5 -165.2 -209.5 -256 -230.5 -193.2 -218.5 -170.5 -150 -137.8 -121.5 -156 -143.5 -86.8 -65.5 -45.2 -34.2 -24 -19.8 -24.8 -21 -8.2 15.8 10.2 9.5 14.2 19.2 23.8 28.5 33.2 34.5 23.2 12.8 21.2 35.2 40.5 44.2 45 48.5 55 61 62.8
-102.8 -127.2 -132.5 -139.8 -205.5 -214.8 -270 -285 -240.2 -242.5 -260.5 -244 -255.8 -170.2 -69.8 -57.8 -52.8 -47.2 -52.5 -72.5 -120.5 -155 -112.5 -98.2 -97.8 -88.2 -86.8 -88.5 -87 -85.5 -89.5 -92.2 -84.8 -78.5 -89 -155.2 -132 -103.5 -74.2 -78 -66.5 -70 -59 -75.2 -83.5 -93.8 -111 -157.5 -158.8 -148.5 -128.2 -148.5 -189.2 -191 -143.2 -124.2 -173.2 -109 -88.5 -69.2 -52.8 -53 -36 -20.8 -12 -9.8 11.2 10.2 7.5 10.8 16 21 25.5 29.2 33 34.8 22 10.5 22.2 35 43.5 48.5 49 51.5 57 62.2 64
-100.5 -103.8 -91.5 -80.5 -100.5 -135.2 -197 -231.2 -215 -182 -197.5 -165.8 -169.8 -90 -59.8 -57.5 -45 -42.8 -60.2 -84 -108.8 -116.5 -98.5 -99.5 -96 -87.8 -91.8 -99 -92.5 -129.2 -128.5 -148.2 -145.5 -104.2 -80.2 -106 -92.2 -60 -85.8 -120.5 -130 -93.8 -75.8 -81.5 -78.2 -76.8 -102.8 -130.8 -120.8 -144.2 -151.8 -110.5 -138.2 -141.5 -105.8 -115.5 -119 -90.5 -86.8 -72 -106.5 -93.8 -138 -38.5 -6 4.8 8 9.2 11.8 15.2 19.5 24.5 29 32.5 34.2 32.5 24 20.5 30 40.2 44.5 47.5 50.2 53.2 57.8 61 60.2
-64.8 -82 -64.5 -64.8 -73.8 -88.2 -148.8 -180.5 -156 -206 -137 -112 -93.2 -66.2 -57.8 -56 -44 -38.5 -58 -91 -107.2 -99.8 -103 -100.5 -98.5 -101.8 -114.8 -110 -126.5 -203.5 -179.8 -162.2 -117.8 -82.8 -60.8 -68.5 -95.8 -125.2 -129.2 -148 -177 -193.2 -168.8 -106 -117.8 -102.2 -98.5 -114.8 -156.5 -176.5 -162.2 -106.8 -84.2 -101.8 -91.8 -96 -107.8 -69.2 -50 -55 -61 -51.8 -39.8 -12.2 6.5 8 6 11 16.5 19.5 23 28.5 33 37.2 35.2 27.5 25.8 29.8 35.8 42 45.5 48.5 51.5 54.5 58.5 60.8 59.5
-55.5 -58.5 -61 -62 -68.5 -73 -99.5 -136 -117 -148 -128.8 -81 -61.2 -52 -53.5 -45 -37 -48.8 -83.2 -111.8 -102 -92.8 -87 -84.2 -103.8 -138.2 -144.5 -152.8 -206.2 -372.2 -316.8 -268 -252.2 -202 -82.2 -59 -65.5 -84.8 -130.5 -165 -133 -132.2 -109.8 -120 -196.8 -187.2 -214.8 -201.2 -156 -118.8 -103.2 -92.8 -76.8 -77.8 -97.8 -116.5 -78.8 -50.5 -37.8 -46.8 -45.2 -36.2 -20.5 4.5 12.8 9.8 7.2 11.5 17.8 22 25 30.5 36.2 42.5 38.8 32 30.5 32.8 38 42.8 46.5 50 53.5 56.2 59.2 60.2 59.2
-54.8 -54 -53 -61.2 -65.2 -67.2 -74.5 -85.2 -85.2 -82.2 -78.8 -65.2 -62 -63.8 -48 -37.8 -31.8 -51 -85.8 -107 -90.8 -79 -75.2 -88.5 -109.2 -164.5 -253 -244.8 -227.2 -323.2 -259.8 -219.8 -258 -217.8 -110.8 -63.8 -46.8 -53.5 -68.2 -67.2 -65 -102.5 -89 -142.8 -163 -182.5 -246.8 -130.5 -97.5 -88.8 -81.8 -69.5 -88.5 -99 -98.2 -74 -59 -57.5 -41.8 -36.8 -30 -18 0 6.2 10.5 10.5 9 12 16.2 20 24.8 30.5 37.2 41.5 39 36.2 36.2 38.2 42 46.2 49.8 53.2 56 57.8 57.8 58 59.2
-64.2 -64.5 -55.5 -51.8 -61 -67.8 -70.8 -70.8 -68.2 -64.8 -64.5 -64.2 -62.5 -57.8 -47.5 -37 -35.8 -76 -90.2 -91 -70.2 -90.2 -92.5 -127.8 -166.5 -259.2 -337.5 -358 -506 -406.5 -311.8 -252.8 -196.5 -157.5 -105.8 -116 -98.2 -53 -36 -52.5 -76.2 -96.8 -70.2 -99.2 -92 -123 -155 -94.8 -74 -65.8 -61 -56.8 -69.2 -75.5 -46.2 -32 -33.5 -30.2 -36.5 -34.5 -28.2 -14.2 2 4.5 9.5 10 10 13.2 16.8 20.5 26 31.8 37 39.8 39.2 39 40.8 43 45.5 48.2 51 55.8 57.5 58.2 57.2 58 59.8
-74 -83.8 -70.8 -59.8 -48.8 -63 -68.8 -69 -70.8 -70.2 -69.8 -63.8 -65.5 -62.5 -49 -44.2 -45.8 -61 -70.5 -70.5 -61 -85 -83.5 -109 -124 -148.2 -171.2 -355.5 -609.2 -558.5 -467.5 -465.8 -369 -206.8 -140.5 -115.2 -82.2 -61.8 -44.5 -31.2 -42.8 -56.5 -69.8 -75 -72.2 -101.5 -89 -84.5 -59.8 -42.5 -45.5 -50 -43.2 -38.8 -33.5 -29.8 -26.2 -28.5 -40.5 -39.5 -29.2 -27 -1.5 5.5 8 10.5 13.2 16 19.8 23.2 28.8 34.2 37.2 40 40.5 42.5 45 47 47 48 50.2 54.2 56.5 57.8 56.8 59.2 57.5
-79.2 -79 -78 -60.2 -41.8 -59.8 -63.5 -65.5 -71.2 -76.8 -75 -72.2 -68.8 -60.2 -57 -66 -89.8 -47.2 -48.2 -66.5 -52.2 -62 -59.2 -96 -123.5 -102.8 -177 -352.5 -464.5 -385.2 -294 -235.5 -233 -160 -107 -93.8 -86.5 -134.2 -115.8 -57.5 -28.2 -37.2 -45.8 -56.5 -71 -68.8 -66.2 -45.2 -44.8 -62.2 -74 -68.2 -71.8 -77.8 -96 -70.2 -48 -35.2 -41.5 -46.5 -38.2 -28.2 -16.2 3.8 5.8 10 13.5 17.5 22 26.5 29.8 31.5 34.2 38.2 41 43.8 46.5 47 47 47 48.5 51 53 53.8 59.5 60.8 55.8
-73.8 -71 -68.8 -65.8 -44.2 -49.8 -64.2 -72 -69.2 -59.8 -65.2 -91.8 -118.2 -120.8 -108.8 -134.2 -98.2 -93 -63.8 -46.8 -47.2 -58.8 -74.2 -87.8 -122 -140.2 -171.8 -239 -296.5 -290.8 -272.2 -156.2 -146 -165.8 -109.8 -117.2 -166.2 -150.8 -93 -71.2 -40.8 -31.5 -45.2 -52.2 -53.2 -40.5 -33.2 -49.8 -46.2 -52.8 -73.8 -129.8 -140 -112.5 -87.2 -74.8 -78.8 -43 -41.8 -45.8 -38.5 -32.2 -19.2 3.2 14 12.2 13.2 17.8 23.2 29.2 30.2 30.2 31.2 33.8 40.2 46.2 48.5 48.5 48.2 47.8 48.8 49.8 51.8 60.8 62 57.8 53.8
-59.8 -60 -64.5 -58.2 -44.2 -57.2 -77.8 -81.2 -54.5 -57.5 -112.8 -171.2 -215.8 -268 -220.5 -208.2 -153 -110.2 -71.2 -59.5 -36.2 -66 -68.2 -58.2 -94 -131.2 -249.5 -378 -296.5 -192.5 -154.5 -113 -119.5 -132 -120.2 -92.2 -105.8 -111.2 -81 -54 -34.2 -23.8 -51.5 -36.8 -35.5 -49.8 -59 -44.8 -53.8 -78.8 -82.2 -81.5 -105.2 -123 -115.2 -73.5 -52.2 -39.8 -40.5 -37.8 -33 -23.8 -16.8 -3.5 12.2 14.2 16.5 20.2 25 28 29 29.5 30 32.5 39.5 46 49.5 50.5 50.5 50 50.5 51 57 63 65 59 60
-64.5 -53.8 -54.5 -45.5 -63 -81.5 -73 -58.2 -49 -77 -132.5 -182 -217.5 -251 -212.5 -111.8 -90 -69.8 -60.5 -44.5 -57.8 -78.2 -78.2 -76.5 -94.8 -148.5 -416.8 -558.8 -336.5 -184.2 -112.5 -95.2 -103 -109.8 -88.5 -104.5 -73.2 -81.8 -90 -73 -52.5 -38 -23 -28.5 -47.8 -42.5 -42.8 -81.5 -78.2 -93.2 -88.8 -77 -99 -102.5 -71 -54.2 -43 -35.8 -40.5 -24.8 -19 -13.8 -6.5 1.8 9.5 13.5 18.5 23.2 27.2 26.8 28.5 29 30.8 34.2 40.2 46.2 51.2 53.5 54 53.5 53 55.2 61 64.5 65.8 61.8 63.8
-60.2 -60.5 -71.5 -57.2 -40 -62.2 -53 -37.5 -48.8 -91 -127.5 -152.2 -217.5 -255 -195.8 -137.5 -112.5 -89.5 -35 -57.2 -77.8 -70 -81.5 -101 -168.5 -342.2 -355.8 -379 -263 -167.5 -157.8 -125 -95.2 -92.5 -84.8 -64.2 -75.2 -55.8 -62.5 -58 -53.5 -45.2 -36.5 -18.2 -31 -40.2 -67.8 -90.2 -76.5 -63 -71.8 -92.8 -93.5 -83.2 -73.5 -53.5 -40.2 -36.2 -40.2 -28.8 -20.5 -6.5 4.2 9.2 7.5 11.2 16 23.5 28 27.5 30 30 32.2 37 43 48.2 53.8 58.2 59.2 59.5 56.8 61 66.5 66.5 64.2 64 67
-71.5 -101 -75 -53.8 -41.5 -31 -39.2 -41.5 -74.5 -140.5 -114.5 -87.8 -139.5 -121.2 -153 -231.5 -289.5 -284 -98.5 -49.8 -67 -80.8 -80.5 -81 -185.2 -402.8 -261.5 -204 -174.5 -127.8 -111 -123 -137.8 -116 -91.5 -70.5 -47.5 -48.5 -40.5 -42.5 -37 -36.5 -31.2 -23.2 -31.5 -49.8 -75.5 -60.8 -62 -76.5 -100 -127.2 -106.2 -80.5 -56.2 -49.8 -47.2 -47.5 -46.5 -34.5 -16.2 -1 10.5 10 7.8 10.2 15.5 22.5 27.5 29.2 32.2 33.8 37.8 44 47 50.8 55.2 59.8 62 62.2 59.2 67 67 62.5 64.2 67.2 68.8
-81.8 -94 -68.8 -57.2 -53.5 -71 -98 -104.5 -47.5 -48.5 -48.2 -35.5 -85 -156.5 -183 -303.2 -305.2 -326 -128 -44.2 -67.8 -69.2 -106.5 -175 -371.8 -368 -212 -138.5 -119.8 -112.8 -99.2 -91 -108 -86 -73.8 -80.5 -64.2 -57.8 -44.5 -28 -25.5 -24.2 -60.5 -53.5 -50 -53 -51.5 -62.2 -80.8 -91.8 -118.2 -101.2 -79 -73.5 -59.5 -57.5 -56 -47 -40.2 -23.2 -2.2 7.8 9.2 7.8 6.5 10 16.2 24.5 30.8 34.5 36.5 37.5 40.8 45.8 48.8 52 54.8 59 61.5 64.8 69.2 68.5 67.5 66.8 68.2 69.2 68.5
-66 -59.8 -56.5 -48.5 -85.8 -119.2 -126.5 -132.8 -77 -70.2 -93.5 -72 -58.8 -141.8 -205.2 -195.2 -200.2 -235.2 -126.5 -46.8 -60.2 -77.5 -127.2 -212.5 -266 -295.5 -187.2 -136.2 -113 -103.2 -90.8 -77 -75.5 -84 -78.2 -74 -56 -46 -41.5 -42.2 -36.2 -24.2 -47.2 -56.2 -66 -65.2 -60 -70.5 -62 -71 -84.5 -97.5 -83 -62.5 -59.2 -65.2 -60 -43.5 -31.8 -5.5 5.5 9 10.5 8.5 5.2 9.8 17.8 27.8 34.5 39.2 40.2 40.2 41.2 45.5 48.2 50 53 55.8 57 62.2 68.5 68.5 68.5 68 69 69.8 71
-93.5 -71.2 -59 -64.5 -128.2 -148.2 -176.8 -171.8 -82.2 -118.5 -192.8 -187.5 -68.8 -37.2 -94 -96 -126 -150.2 -106.8 -54.8 -46.5 -81.8 -101.8 -122.2 -141.5 -133.5 -135 -129.5 -124 -96.8 -82 -82.5 -69.5 -70.8 -69.5 -57 -48.2 -34.2 -25.8 -37.5 -29.5 -18.5 -51.5 -70.2 -87.2 -64.5 -48.2 -41.2 -40.8 -56.5 -67 -61 -52.2 -45.2 -41 -45.5 -47.5 -36.2 -1.8 3.8 9.2 13 16.5 10.8 6 13.2 23.8 31 37.5 42 42.5 42 42.8 45 47.8 49.8 52.5 53.5 63 70 68 68 69.5 69.5 71.5 71.5 71.8
-143.2 -101.2 -93.5 -95.5 -148.5 -182 -222.8 -181 -84.8 -138.5 -214 -142.8 -132.5 -84 -40.8 -69 -79 -82.2 -74.2 -57 -42.2 -91.8 -78.8 -71.8 -84 -86 -105.2 -120.5 -102.2 -96.8 -117 -92 -79.2 -63.2 -46.2 -57.8 -53 -45.2 -74.8 -49.2 -38.2 -8 -20.2 -53.5 -53 -39.5 -44 -52.2 -53.5 -63.5 -58.8 -45 -38.2 -38.5 -32 -43 -47.8 -2.2 3.8 9.2 12.8 14 12.8 9 7.2 15.8 25 32.5 38.8 43.8 43.8 43.5 44 46 49 52.2 54 54.5 68.8 72.5 70 71.8 72.2 69.8 71.2 72.5 73
-162.5 -124.5 -128 -123 -148 -162.2 -185 -212.8 -157.8 -109.5 -176.2 -160.8 -136.5 -83.8 -34.2 -23.8 -24.2 -12.8 -20.5 -46.8 -25 -76 -99.8 -87.5 -77 -77.8 -93.2 -121.2 -116.2 -115.2 -119.5 -96 -76 -60.5 -48 -43.8 -41.2 -78.2 -67 -43.8 -29.5 -5.5 -44.2 -54.5 -44.5 -43.5 -56.2 -64.5 -64.8 -57 -54.5 -47 -51.5 -57.2 -33.8 -11.2 -2.8 4.2 11.8 14.2 17.2 15.5 9.5 7 10.2 19.2 27 34 40.8 45.8 44.2 44 45.5 47.5 50.8 54.5 56 60.8 73 70 70.5 73.2 69 70.8 71.5 72.5 72.8
-149.2 -135 -128 -138.2 -128.2 -144.5 -177.2 -230.8 -215.2 -136.8 -119 -147.8 -111.8 -105.8 -66.5 -65 -34.5 -23.8 -13 -26.8 -45.8 -53 -86.5 -110.8 -101.2 -87.2 -111.5 -110 -109.5 -102.8 -100.2 -79 -82.8 -62.2 -62 -72.8 -77 -49.8 -50.2 -42.5 -34.2 -28 -19.8 -49.5 -58.5 -61.2 -47 -61.8 -54.2 -43 -34.2 -53.8 -71.8 -50.2 -15.8 1.2 6.8 7.5 11.5 16.5 20.8 18 11 8 14.5 24.2 32.5 38.5 43.2 43.5 43.5 44.5 46.5 48.8 51.2 53.8 61.2 71.5 76.8 74.2 71.8 69 69.8 71.5 73 72.8 71.8
